{"intrinsics": {"settings": {"directory": "/home/broot/UCL/Master_Thesis/Sphaeroptica/calibration_images/test_scanner", "dimensions": [11, 8], "sizes": [2, 2], "scale": "MM"}, "camera matrix": {"shape": [3, 3], "matrix": [[16469.581078786454, 0.0, 2791.6214056243125], [0.0, 16463.277556281795, 1832.7533303368032], [0.0, 0.0, 1.0]]}, "distortion matrix": {"shape": [1, 5], "matrix": [[-0.22091604837196993, 8.99317701395142, -0.0009185770270943973, -0.0010329302533192497, 0.1425414941971887]]}}, "extrinsics": {"_x_00000_y_00000_step_08000_.tif": {"matrix": [[-1.0, -8.894301132029929e-17, -8.418276880630434e-17, 0.12346671656659072], [1.2246467991473532e-16, -0.7262748033328865, -0.6874044733952326, 0.0], [-0.0, -0.6874044733952326, 0.7262748033328865, -0.11685876047718954], [0.0, 0.0, 0.0, 1.0]]}, "_x_00000_y_00080_step_08000_.tif": {"matrix": [[-0.9876883405951377, -0.11361441033157907, -0.1075337510618449, 0.1219466364043862], [0.15643446504023098, -0.7173331553199186, -0.6789413836454117, 0.01931444975636843], [-0.0, -0.6874044733952326, 0.7262748033328865, -0.11685876047718954], [0.0, 0.0, 0.0, 1.0]]}, "_x_00000_y_00160_step_08000_.tif": {"matrix": [[-0.9510565162951535, -0.2244312568161847, -0.21241966428848835, 0.11742382533622289], [0.3090169943749475, -0.6907283843307228, -0.6537605037529745, 0.03815331365875139], [-0.0, -0.6874044733952326, 0.7262748033328865, -0.11685876047718954], [0.0, 0.0, 0.0, 1.0]]}, "_x_00000_y_00240_step_08000_.tif": {"matrix": [[-0.8910065241883678, -0.32972186091333827, -0.31207510039990166, 0.11000964998094838], [0.45399049973954686, -0.6471155881232256, -0.6124818705514216, 0.0560527163552675], [-0.0, -0.6874044733952326, 0.7262748033328865, -0.11685876047718954], [0.0, 0.0, 0.0, 1.0]]}, "_x_00000_y_00320_step_08000_.tif": {"matrix": [[-0.8090169943749473, -0.4268936185106871, -0.4040462118215915, 0.09988667194204676], [0.5877852522924732, -0.5875686584826278, -0.5561219009861045, 0.0725719151468168], [-0.0, -0.6874044733952326, 0.7262748033328865, -0.11685876047718954], [0.0, 0.0, 0.0, 1.0]]}, "_x_00000_y_00400_step_08000_.tif": {"matrix": [[-0.7071067811865475, -0.5135538384416103, -0.4860683645557367, 0.08730415253507376], [0.7071067811865476, -0.5135538384416102, -0.4860683645557366, 0.08730415253507375], [-0.0, -0.6874044733952326, 0.7262748033328865, -0.11685876047718954], [0.0, 0.0, 0.0, 1.0]]}, "_x_00000_y_00480_step_08000_.tif": {"matrix": [[-0.587785252292473, -0.587568658482628, -0.5561219009861046, 0.0725719151468168], [0.8090169943749475, -0.4268936185106869, -0.40404621182159134, 0.09988667194204676], [-0.0, -0.6874044733952326, 0.7262748033328865, -0.11685876047718954], [0.0, 0.0, 0.0, 1.0]]}, "_x_00000_y_00560_step_08000_.tif": {"matrix": [[-0.4539904997395467, -0.6471155881232257, -0.6124818705514216, 0.056052716355267505], [0.8910065241883679, -0.32972186091333816, -0.31207510039990155, 0.11000964998094837], [-0.0, -0.6874044733952326, 0.7262748033328865, -0.11685876047718954], [0.0, 0.0, 0.0, 1.0]]}, "_x_00000_y_00640_step_08000_.tif": {"matrix": [[-0.30901699437494734, -0.6907283843307229, -0.6537605037529746, 0.038153313658751395], [0.9510565162951536, -0.2244312568161846, -0.2124196642884882, 0.11742382533622289], [-0.0, -0.6874044733952326, 0.7262748033328865, -0.11685876047718954], [0.0, 0.0, 0.0, 1.0]]}, "_x_00000_y_00720_step_08000_.tif": {"matrix": [[-0.1564344650402308, -0.7173331553199187, -0.6789413836454118, 0.019314449756368438], [0.9876883405951378, -0.11361441033157894, -0.10753375106184479, 0.1219466364043862], [-0.0, -0.6874044733952326, 0.7262748033328865, -0.11685876047718954], [0.0, 0.0, 0.0, 1.0]]}, "_x_00000_y_00800_step_08000_.tif": {"matrix": [[6.123233995736766e-17, -0.7262748033328865, -0.6874044733952326, 7.560155962225441e-18], [1.0, 4.4471505660149644e-17, 4.209138440315217e-17, 0.12346671656659072], [-0.0, -0.6874044733952326, 0.7262748033328865, -0.11685876047718954], [0.0, 0.0, 0.0, 1.0]]}, "_x_00000_y_00880_step_08000_.tif": {"matrix": [[0.15643446504023115, -0.7173331553199186, -0.6789413836454117, -0.01931444975636845], [0.9876883405951377, 0.1136144103315792, 0.10753375106184501, 0.12194663640438619], [-0.0, -0.6874044733952326, 0.7262748033328865, -0.11685876047718954], [0.0, 0.0, 0.0, 1.0]]}, "_x_00000_y_00960_step_08000_.tif": {"matrix": [[0.30901699437494745, -0.6907283843307228, -0.6537605037529745, -0.03815331365875138], [0.9510565162951535, 0.22443125681618467, 0.2124196642884883, 0.1174238253362229], [-0.0, -0.6874044733952326, 0.7262748033328865, -0.11685876047718954], [0.0, 0.0, 0.0, 1.0]]}, "_x_00000_y_01040_step_08000_.tif": {"matrix": [[0.4539904997395468, -0.6471155881232256, -0.6124818705514216, -0.05605271635526749], [0.8910065241883678, 0.3297218609133382, 0.31207510039990166, 0.11000964998094838], [-0.0, -0.6874044733952326, 0.7262748033328865, -0.11685876047718954], [0.0, 0.0, 0.0, 1.0]]}, "_x_00000_y_01120_step_08000_.tif": {"matrix": [[0.5877852522924731, -0.587568658482628, -0.5561219009861046, -0.07257191514681678], [0.8090169943749475, 0.426893618510687, 0.40404621182159145, 0.09988667194204676], [-0.0, -0.6874044733952326, 0.7262748033328865, -0.11685876047718954], [0.0, 0.0, 0.0, 1.0]]}, "_x_00000_y_01200_step_08000_.tif": {"matrix": [[0.7071067811865476, -0.5135538384416102, -0.4860683645557366, -0.08730415253507375], [0.7071067811865475, 0.5135538384416103, 0.4860683645557367, 0.08730415253507376], [-0.0, -0.6874044733952326, 0.7262748033328865, -0.11685876047718954], [0.0, 0.0, 0.0, 1.0]]}, "_x_00000_y_01280_step_08000_.tif": {"matrix": [[0.8090169943749475, -0.426893618510687, -0.40404621182159145, -0.09988667194204674], [0.5877852522924731, 0.587568658482628, 0.5561219009861046, 0.07257191514681681], [-0.0, -0.6874044733952326, 0.7262748033328865, -0.11685876047718954], [0.0, 0.0, 0.0, 1.0]]}, "_x_00000_y_01360_step_08000_.tif": {"matrix": [[0.8910065241883679, -0.32972186091333816, -0.3120751003999016, -0.11000964998094837], [0.45399049973954675, 0.6471155881232257, 0.6124818705514216, 0.05605271635526751], [-0.0, -0.6874044733952326, 0.7262748033328865, -0.11685876047718954], [0.0, 0.0, 0.0, 1.0]]}, "_x_00000_y_01440_step_08000_.tif": {"matrix": [[0.9510565162951535, -0.22443125681618462, -0.21241966428848827, -0.11742382533622289], [0.3090169943749474, 0.6907283843307228, 0.6537605037529745, 0.0381533136587514], [-0.0, -0.6874044733952326, 0.7262748033328865, -0.11685876047718954], [0.0, 0.0, 0.0, 1.0]]}, "_x_00000_y_01520_step_08000_.tif": {"matrix": [[0.9876883405951378, -0.11361441033157899, -0.10753375106184482, -0.12194663640438619], [0.15643446504023087, 0.7173331553199187, 0.6789413836454118, 0.019314449756368444], [-0.0, -0.6874044733952326, 0.7262748033328865, -0.11685876047718954], [0.0, 0.0, 0.0, 1.0]]}, "_x_00000_y_01600_step_08000_.tif": {"matrix": [[1.0, -0.0, 0.0, -0.12346671656659072], [0.0, 0.7262748033328865, 0.6874044733952326, 1.5120311924450882e-17], [-0.0, -0.6874044733952326, 0.7262748033328865, -0.11685876047718954], [0.0, 0.0, 0.0, 1.0]]}, "_x_00000_y_01680_step_08000_.tif": {"matrix": [[0.9876883405951378, 0.11361441033157899, 0.10753375106184482, -0.1219466364043862], [-0.15643446504023087, 0.7173331553199187, 0.6789413836454118, -0.019314449756368413], [-0.0, -0.6874044733952326, 0.7262748033328865, -0.11685876047718954], [0.0, 0.0, 0.0, 1.0]]}, "_x_00000_y_01760_step_08000_.tif": {"matrix": [[0.9510565162951534, 0.22443125681618495, 0.21241966428848857, -0.11742382533622289], [-0.30901699437494784, 0.6907283843307227, 0.6537605037529743, -0.03815331365875143], [-0.0, -0.6874044733952326, 0.7262748033328865, -0.11685876047718954], [0.0, 0.0, 0.0, 1.0]]}, "_x_00000_y_01840_step_08000_.tif": {"matrix": [[0.8910065241883681, 0.3297218609133379, 0.31207510039990133, -0.1100096499809484], [-0.45399049973954636, 0.6471155881232259, 0.6124818705514218, -0.056052716355267436], [-0.0, -0.6874044733952326, 0.7262748033328865, -0.11685876047718954], [0.0, 0.0, 0.0, 1.0]]}, "_x_00000_y_01920_step_08000_.tif": {"matrix": [[0.8090169943749475, 0.426893618510687, 0.40404621182159145, -0.09988667194204677], [-0.5877852522924731, 0.587568658482628, 0.5561219009861046, -0.07257191514681678], [-0.0, -0.6874044733952326, 0.7262748033328865, -0.11685876047718954], [0.0, 0.0, 0.0, 1.0]]}, "_x_00000_y_02000_step_08000_.tif": {"matrix": [[0.7071067811865476, 0.5135538384416102, 0.4860683645557366, -0.08730415253507377], [-0.7071067811865475, 0.5135538384416103, 0.4860683645557367, -0.08730415253507375], [-0.0, -0.6874044733952326, 0.7262748033328865, -0.11685876047718954], [0.0, 0.0, 0.0, 1.0]]}, "_x_00000_y_02080_step_08000_.tif": {"matrix": [[0.5877852522924731, 0.587568658482628, 0.5561219009861046, -0.07257191514681681], [-0.8090169943749475, 0.426893618510687, 0.40404621182159145, -0.09988667194204674], [-0.0, -0.6874044733952326, 0.7262748033328865, -0.11685876047718954], [0.0, 0.0, 0.0, 1.0]]}, "_x_00000_y_02160_step_08000_.tif": {"matrix": [[0.4539904997395468, 0.6471155881232256, 0.6124818705514216, -0.05605271635526752], [-0.8910065241883678, 0.3297218609133382, 0.31207510039990166, -0.11000964998094837], [-0.0, -0.6874044733952326, 0.7262748033328865, -0.11685876047718954], [0.0, 0.0, 0.0, 1.0]]}, "_x_00000_y_02240_step_08000_.tif": {"matrix": [[0.30901699437494745, 0.6907283843307228, 0.6537605037529745, -0.03815331365875141], [-0.9510565162951535, 0.22443125681618467, 0.2124196642884883, -0.11742382533622289], [-0.0, -0.6874044733952326, 0.7262748033328865, -0.11685876047718954], [0.0, 0.0, 0.0, 1.0]]}, "_x_00000_y_02320_step_08000_.tif": {"matrix": [[0.15643446504023092, 0.7173331553199187, 0.6789413836454118, -0.01931444975636845], [-0.9876883405951378, 0.11361441033157903, 0.10753375106184486, -0.12194663640438619], [-0.0, -0.6874044733952326, 0.7262748033328865, -0.11685876047718954], [0.0, 0.0, 0.0, 1.0]]}, "_x_00000_y_02400_step_08000_.tif": {"matrix": [[6.123233995736766e-17, 0.7262748033328865, 0.6874044733952326, -2.268046788667632e-17], [-1.0, 4.4471505660149644e-17, 4.209138440315217e-17, -0.12346671656659072], [-0.0, -0.6874044733952326, 0.7262748033328865, -0.11685876047718954], [0.0, 0.0, 0.0, 1.0]]}, "_x_00000_y_02480_step_08000_.tif": {"matrix": [[-0.1564344650402308, 0.7173331553199187, 0.6789413836454118, 0.019314449756368406], [-0.9876883405951378, -0.11361441033157894, -0.10753375106184479, -0.1219466364043862], [-0.0, -0.6874044733952326, 0.7262748033328865, -0.11685876047718954], [0.0, 0.0, 0.0, 1.0]]}, "_x_00000_y_02560_step_08000_.tif": {"matrix": [[-0.30901699437494734, 0.6907283843307229, 0.6537605037529746, 0.03815331365875137], [-0.9510565162951536, -0.2244312568161846, -0.2124196642884882, -0.1174238253362229], [-0.0, -0.6874044733952326, 0.7262748033328865, -0.11685876047718954], [0.0, 0.0, 0.0, 1.0]]}, "_x_00000_y_02640_step_08000_.tif": {"matrix": [[-0.4539904997395467, 0.6471155881232257, 0.6124818705514216, 0.056052716355267485], [-0.8910065241883679, -0.32972186091333816, -0.31207510039990155, -0.11000964998094839], [-0.0, -0.6874044733952326, 0.7262748033328865, -0.11685876047718954], [0.0, 0.0, 0.0, 1.0]]}, "_x_00000_y_02720_step_08000_.tif": {"matrix": [[-0.587785252292473, 0.587568658482628, 0.5561219009861046, 0.07257191514681677], [-0.8090169943749475, -0.4268936185106869, -0.40404621182159134, -0.09988667194204677], [-0.0, -0.6874044733952326, 0.7262748033328865, -0.11685876047718954], [0.0, 0.0, 0.0, 1.0]]}, "_x_00000_y_02800_step_08000_.tif": {"matrix": [[-0.7071067811865475, 0.5135538384416103, 0.4860683645557367, 0.08730415253507373], [-0.7071067811865476, -0.5135538384416102, -0.4860683645557366, -0.08730415253507377], [-0.0, -0.6874044733952326, 0.7262748033328865, -0.11685876047718954], [0.0, 0.0, 0.0, 1.0]]}, "_x_00000_y_02880_step_08000_.tif": {"matrix": [[-0.8090169943749473, 0.4268936185106871, 0.4040462118215915, 0.09988667194204674], [-0.5877852522924732, -0.5875686584826278, -0.5561219009861045, -0.07257191514681682], [-0.0, -0.6874044733952326, 0.7262748033328865, -0.11685876047718954], [0.0, 0.0, 0.0, 1.0]]}, "_x_00000_y_02960_step_08000_.tif": {"matrix": [[-0.8910065241883678, 0.32972186091333827, 0.31207510039990166, 0.11000964998094837], [-0.45399049973954686, -0.6471155881232256, -0.6124818705514216, -0.056052716355267526], [-0.0, -0.6874044733952326, 0.7262748033328865, -0.11685876047718954], [0.0, 0.0, 0.0, 1.0]]}, "_x_00000_y_03040_step_08000_.tif": {"matrix": [[-0.9510565162951535, 0.2244312568161847, 0.21241966428848835, 0.11742382533622289], [-0.3090169943749475, -0.6907283843307228, -0.6537605037529745, -0.038153313658751416], [-0.0, -0.6874044733952326, 0.7262748033328865, -0.11685876047718954], [0.0, 0.0, 0.0, 1.0]]}, "_x_00000_y_03120_step_08000_.tif": {"matrix": [[-0.9876883405951377, 0.11361441033157907, 0.1075337510618449, 0.12194663640438619], [-0.15643446504023098, -0.7173331553199186, -0.6789413836454117, -0.019314449756368462], [-0.0, -0.6874044733952326, 0.7262748033328865, -0.11685876047718954], [0.0, 0.0, 0.0, 1.0]]}, "_x_00050_y_00000_step_08000_.tif": {"matrix": [[-1.0, -1.0365723977231864e-16, -6.52132997892502e-17, 0.14389235144013035], [1.2246467991473532e-16, -0.8464255967066492, -0.5325070039349651, 0.0], [-0.0, -0.5325070039349651, 0.8464255967066492, -0.09052619066894409], [0.0, 0.0, 0.0, 1.0]]}, "_x_00050_y_00080_step_08000_.tif": {"matrix": [[-0.9876883405951377, -0.13241013541716296, -0.08330244829074243, 0.14212079781823472], [0.15643446504023098, -0.8360046930484395, -0.5259509590718141, 0.022509723020917687], [-0.0, -0.5325070039349651, 0.8464255967066492, -0.09052619066894409], [0.0, 0.0, 0.0, 1.0]]}, "_x_00050_y_00160_step_08000_.tif": {"matrix": [[-0.9510565162951535, -0.2615598938563102, -0.16455371383959125, 0.1368497584821683], [0.3090169943749475, -0.8049985793068724, -0.5064442560651575, 0.04446518195557272], [-0.0, -0.5325070039349651, 0.8464255967066492, -0.09052619066894409], [0.0, 0.0, 0.0, 1.0]]}, "_x_00050_y_00240_step_08000_.tif": {"matrix": [[-0.8910065241883678, -0.38426917964119583, -0.24175312083124365, 0.12820902391396163], [0.45399049973954686, -0.7541707289056566, -0.4744672146820547, 0.06532576053900327], [-0.0, -0.5325070039349651, 0.8464255967066492, -0.09052619066894409], [0.0, 0.0, 0.0, 1.0]]}, "_x_00050_y_00320_step_08000_.tif": {"matrix": [[-0.8090169943749473, -0.497516482907025, -0.3129997636554225, 0.1164113576756379], [0.5877852522924732, -0.6847726922096347, -0.4308072158070737, 0.08457780209419423], [-0.0, -0.5325070039349651, 0.8464255967066492, -0.09052619066894409], [0.0, 0.0, 0.0, 1.0]]}, "_x_00050_y_00400_step_08000_.tif": {"matrix": [[-0.7071067811865475, -0.5985132792011415, -0.3765393135117454, 0.10174725746419405], [0.7071067811865476, -0.5985132792011415, -0.3765393135117453, 0.10174725746419404], [-0.0, -0.5325070039349651, 0.8464255967066492, -0.09052619066894409], [0.0, 0.0, 0.0, 1.0]]}, "_x_00050_y_00480_step_08000_.tif": {"matrix": [[-0.587785252292473, -0.6847726922096348, -0.43080721580707376, 0.08457780209419423], [0.8090169943749475, -0.4975164829070248, -0.31299976365542237, 0.1164113576756379], [-0.0, -0.5325070039349651, 0.8464255967066492, -0.09052619066894409], [0.0, 0.0, 0.0, 1.0]]}, "_x_00050_y_00560_step_08000_.tif": {"matrix": [[-0.4539904997395467, -0.7541707289056567, -0.47446721468205477, 0.06532576053900327], [0.8910065241883679, -0.38426917964119567, -0.24175312083124356, 0.12820902391396163], [-0.0, -0.5325070039349651, 0.8464255967066492, -0.09052619066894409], [0.0, 0.0, 0.0, 1.0]]}, "_x_00050_y_00640_step_08000_.tif": {"matrix": [[-0.30901699437494734, -0.8049985793068725, -0.5064442560651575, 0.044465181955572725], [0.9510565162951536, -0.26155989385631007, -0.16455371383959116, 0.1368497584821683], [-0.0, -0.5325070039349651, 0.8464255967066492, -0.09052619066894409], [0.0, 0.0, 0.0, 1.0]]}, "_x_00050_y_00720_step_08000_.tif": {"matrix": [[-0.1564344650402308, -0.8360046930484396, -0.5259509590718142, 0.022509723020917694], [0.9876883405951378, -0.13241013541716282, -0.08330244829074235, 0.14212079781823472], [-0.0, -0.5325070039349651, 0.8464255967066492, -0.09052619066894409], [0.0, 0.0, 0.0, 1.0]]}, "_x_00050_y_00800_step_08000_.tif": {"matrix": [[6.123233995736766e-17, -0.8464255967066492, -0.5325070039349651, 8.810865380647084e-18], [1.0, 5.182861988615932e-17, 3.26066498946251e-17, 0.14389235144013035], [-0.0, -0.5325070039349651, 0.8464255967066492, -0.09052619066894409], [0.0, 0.0, 0.0, 1.0]]}, "_x_00050_y_00880_step_08000_.tif": {"matrix": [[0.15643446504023115, -0.8360046930484395, -0.5259509590718141, -0.02250972302091771], [0.9876883405951377, 0.1324101354171631, 0.08330244829074253, 0.14212079781823472], [-0.0, -0.5325070039349651, 0.8464255967066492, -0.09052619066894409], [0.0, 0.0, 0.0, 1.0]]}, "_x_00050_y_00960_step_08000_.tif": {"matrix": [[0.30901699437494745, -0.8049985793068724, -0.5064442560651575, -0.044465181955572704], [0.9510565162951535, 0.2615598938563102, 0.16455371383959122, 0.1368497584821683], [-0.0, -0.5325070039349651, 0.8464255967066492, -0.09052619066894409], [0.0, 0.0, 0.0, 1.0]]}, "_x_00050_y_01040_step_08000_.tif": {"matrix": [[0.4539904997395468, -0.7541707289056566, -0.4744672146820547, -0.06532576053900326], [0.8910065241883678, 0.3842691796411958, 0.24175312083124362, 0.12820902391396163], [-0.0, -0.5325070039349651, 0.8464255967066492, -0.09052619066894409], [0.0, 0.0, 0.0, 1.0]]}, "_x_00050_y_01120_step_08000_.tif": {"matrix": [[0.5877852522924731, -0.6847726922096348, -0.43080721580707376, -0.08457780209419422], [0.8090169943749475, 0.49751648290702494, 0.3129997636554224, 0.1164113576756379], [-0.0, -0.5325070039349651, 0.8464255967066492, -0.09052619066894409], [0.0, 0.0, 0.0, 1.0]]}, "_x_00050_y_01200_step_08000_.tif": {"matrix": [[0.7071067811865476, -0.5985132792011415, -0.3765393135117453, -0.10174725746419404], [0.7071067811865475, 0.5985132792011415, 0.3765393135117454, 0.10174725746419405], [-0.0, -0.5325070039349651, 0.8464255967066492, -0.09052619066894409], [0.0, 0.0, 0.0, 1.0]]}, "_x_00050_y_01280_step_08000_.tif": {"matrix": [[0.8090169943749475, -0.49751648290702494, -0.3129997636554224, -0.11641135767563789], [0.5877852522924731, 0.6847726922096348, 0.43080721580707376, 0.08457780209419424], [-0.0, -0.5325070039349651, 0.8464255967066492, -0.09052619066894409], [0.0, 0.0, 0.0, 1.0]]}, "_x_00050_y_01360_step_08000_.tif": {"matrix": [[0.8910065241883679, -0.3842691796411957, -0.2417531208312436, -0.12820902391396163], [0.45399049973954675, 0.7541707289056567, 0.47446721468205477, 0.06532576053900328], [-0.0, -0.5325070039349651, 0.8464255967066492, -0.09052619066894409], [0.0, 0.0, 0.0, 1.0]]}, "_x_00050_y_01440_step_08000_.tif": {"matrix": [[0.9510565162951535, -0.2615598938563101, -0.1645537138395912, -0.1368497584821683], [0.3090169943749474, 0.8049985793068724, 0.5064442560651575, 0.04446518195557273], [-0.0, -0.5325070039349651, 0.8464255967066492, -0.09052619066894409], [0.0, 0.0, 0.0, 1.0]]}, "_x_00050_y_01520_step_08000_.tif": {"matrix": [[0.9876883405951378, -0.13241013541716287, -0.08330244829074238, -0.14212079781823472], [0.15643446504023087, 0.8360046930484396, 0.5259509590718142, 0.0225097230209177], [-0.0, -0.5325070039349651, 0.8464255967066492, -0.09052619066894409], [0.0, 0.0, 0.0, 1.0]]}, "_x_00050_y_01600_step_08000_.tif": {"matrix": [[1.0, -0.0, 0.0, -0.14389235144013035], [0.0, 0.8464255967066492, 0.5325070039349651, 1.7621730761294167e-17], [-0.0, -0.5325070039349651, 0.8464255967066492, -0.09052619066894409], [0.0, 0.0, 0.0, 1.0]]}, "_x_00050_y_01680_step_08000_.tif": {"matrix": [[0.9876883405951378, 0.13241013541716287, 0.08330244829074238, -0.14212079781823472], [-0.15643446504023087, 0.8360046930484396, 0.5259509590718142, -0.022509723020917666], [-0.0, -0.5325070039349651, 0.8464255967066492, -0.09052619066894409], [0.0, 0.0, 0.0, 1.0]]}, "_x_00050_y_01760_step_08000_.tif": {"matrix": [[0.9510565162951534, 0.26155989385631045, 0.16455371383959144, -0.1368497584821683], [-0.30901699437494784, 0.8049985793068722, 0.5064442560651574, -0.04446518195557276], [-0.0, -0.5325070039349651, 0.8464255967066492, -0.09052619066894409], [0.0, 0.0, 0.0, 1.0]]}, "_x_00050_y_01840_step_08000_.tif": {"matrix": [[0.8910065241883681, 0.3842691796411954, 0.24175312083124337, -0.12820902391396166], [-0.45399049973954636, 0.754170728905657, 0.4744672146820549, -0.0653257605390032], [-0.0, -0.5325070039349651, 0.8464255967066492, -0.09052619066894409], [0.0, 0.0, 0.0, 1.0]]}, "_x_00050_y_01920_step_08000_.tif": {"matrix": [[0.8090169943749475, 0.49751648290702494, 0.3129997636554224, -0.11641135767563791], [-0.5877852522924731, 0.6847726922096348, 0.43080721580707376, -0.08457780209419422], [-0.0, -0.5325070039349651, 0.8464255967066492, -0.09052619066894409], [0.0, 0.0, 0.0, 1.0]]}, "_x_00050_y_02000_step_08000_.tif": {"matrix": [[0.7071067811865476, 0.5985132792011415, 0.3765393135117453, -0.10174725746419407], [-0.7071067811865475, 0.5985132792011415, 0.3765393135117454, -0.10174725746419404], [-0.0, -0.5325070039349651, 0.8464255967066492, -0.09052619066894409], [0.0, 0.0, 0.0, 1.0]]}, "_x_00050_y_02080_step_08000_.tif": {"matrix": [[0.5877852522924731, 0.6847726922096348, 0.43080721580707376, -0.08457780209419424], [-0.8090169943749475, 0.49751648290702494, 0.3129997636554224, -0.11641135767563789], [-0.0, -0.5325070039349651, 0.8464255967066492, -0.09052619066894409], [0.0, 0.0, 0.0, 1.0]]}, "_x_00050_y_02160_step_08000_.tif": {"matrix": [[0.4539904997395468, 0.7541707289056566, 0.4744672146820547, -0.0653257605390033], [-0.8910065241883678, 0.3842691796411958, 0.24175312083124362, -0.12820902391396163], [-0.0, -0.5325070039349651, 0.8464255967066492, -0.09052619066894409], [0.0, 0.0, 0.0, 1.0]]}, "_x_00050_y_02240_step_08000_.tif": {"matrix": [[0.30901699437494745, 0.8049985793068724, 0.5064442560651575, -0.04446518195557274], [-0.9510565162951535, 0.2615598938563102, 0.16455371383959122, -0.1368497584821683], [-0.0, -0.5325070039349651, 0.8464255967066492, -0.09052619066894409], [0.0, 0.0, 0.0, 1.0]]}, "_x_00050_y_02320_step_08000_.tif": {"matrix": [[0.15643446504023092, 0.8360046930484396, 0.5259509590718142, -0.02250972302091771], [-0.9876883405951378, 0.1324101354171629, 0.0833024482907424, -0.14212079781823472], [-0.0, -0.5325070039349651, 0.8464255967066492, -0.09052619066894409], [0.0, 0.0, 0.0, 1.0]]}, "_x_00050_y_02400_step_08000_.tif": {"matrix": [[6.123233995736766e-17, 0.8464255967066492, 0.5325070039349651, -2.643259614194125e-17], [-1.0, 5.182861988615932e-17, 3.26066498946251e-17, -0.14389235144013035], [-0.0, -0.5325070039349651, 0.8464255967066492, -0.09052619066894409], [0.0, 0.0, 0.0, 1.0]]}, "_x_00050_y_02480_step_08000_.tif": {"matrix": [[-0.1564344650402308, 0.8360046930484396, 0.5259509590718142, 0.02250972302091766], [-0.9876883405951378, -0.13241013541716282, -0.08330244829074235, -0.14212079781823472], [-0.0, -0.5325070039349651, 0.8464255967066492, -0.09052619066894409], [0.0, 0.0, 0.0, 1.0]]}, "_x_00050_y_02560_step_08000_.tif": {"matrix": [[-0.30901699437494734, 0.8049985793068725, 0.5064442560651575, 0.04446518195557269], [-0.9510565162951536, -0.26155989385631007, -0.16455371383959116, -0.1368497584821683], [-0.0, -0.5325070039349651, 0.8464255967066492, -0.09052619066894409], [0.0, 0.0, 0.0, 1.0]]}, "_x_00050_y_02640_step_08000_.tif": {"matrix": [[-0.4539904997395467, 0.7541707289056567, 0.47446721468205477, 0.06532576053900326], [-0.8910065241883679, -0.38426917964119567, -0.24175312083124356, -0.12820902391396166], [-0.0, -0.5325070039349651, 0.8464255967066492, -0.09052619066894409], [0.0, 0.0, 0.0, 1.0]]}, "_x_00050_y_02720_step_08000_.tif": {"matrix": [[-0.587785252292473, 0.6847726922096348, 0.43080721580707376, 0.0845778020941942], [-0.8090169943749475, -0.4975164829070248, -0.31299976365542237, -0.11641135767563791], [-0.0, -0.5325070039349651, 0.8464255967066492, -0.09052619066894409], [0.0, 0.0, 0.0, 1.0]]}, "_x_00050_y_02800_step_08000_.tif": {"matrix": [[-0.7071067811865475, 0.5985132792011415, 0.3765393135117454, 0.10174725746419402], [-0.7071067811865476, -0.5985132792011415, -0.3765393135117453, -0.10174725746419407], [-0.0, -0.5325070039349651, 0.8464255967066492, -0.09052619066894409], [0.0, 0.0, 0.0, 1.0]]}, "_x_00050_y_02880_step_08000_.tif": {"matrix": [[-0.8090169943749473, 0.497516482907025, 0.3129997636554225, 0.11641135767563789], [-0.5877852522924732, -0.6847726922096347, -0.4308072158070737, -0.08457780209419426], [-0.0, -0.5325070039349651, 0.8464255967066492, -0.09052619066894409], [0.0, 0.0, 0.0, 1.0]]}, "_x_00050_y_02960_step_08000_.tif": {"matrix": [[-0.8910065241883678, 0.38426917964119583, 0.24175312083124365, 0.12820902391396163], [-0.45399049973954686, -0.7541707289056566, -0.4744672146820547, -0.0653257605390033], [-0.0, -0.5325070039349651, 0.8464255967066492, -0.09052619066894409], [0.0, 0.0, 0.0, 1.0]]}, "_x_00050_y_03040_step_08000_.tif": {"matrix": [[-0.9510565162951535, 0.2615598938563102, 0.16455371383959125, 0.1368497584821683], [-0.3090169943749475, -0.8049985793068724, -0.5064442560651575, -0.044465181955572745], [-0.0, -0.5325070039349651, 0.8464255967066492, -0.09052619066894409], [0.0, 0.0, 0.0, 1.0]]}, "_x_00050_y_03120_step_08000_.tif": {"matrix": [[-0.9876883405951377, 0.13241013541716296, 0.08330244829074243, 0.14212079781823472], [-0.15643446504023098, -0.8360046930484395, -0.5259509590718141, -0.02250972302091772], [-0.0, -0.5325070039349651, 0.8464255967066492, -0.09052619066894409], [0.0, 0.0, 0.0, 1.0]]}, "_x_00100_y_00000_step_08000_.tif": {"matrix": [[-1.0, -1.1438797863153756e-16, -4.3737720233335035e-17, 0.15878828394358616], [1.2246467991473532e-16, -0.9340487290799185, -0.3571455889468452, 0.0], [-0.0, -0.3571455889468452, 0.9340487290799185, -0.06071475012096368], [0.0, 0.0, 0.0, 1.0]]}, "_x_00100_y_00080_step_08000_.tif": {"matrix": [[-0.9876883405951377, -0.1461174132551247, -0.05586987914837797, 0.15683333667419017], [0.15643446504023098, -0.922549039259942, -0.3527485340977827, 0.02483996025337118], [-0.0, -0.3571455889468452, 0.9340487290799185, -0.06071475012096368], [0.0, 0.0, 0.0, 1.0]]}, "_x_00100_y_00160_step_08000_.tif": {"matrix": [[-0.9510565162951535, -0.28863693086001607, -0.11036405645062458, 0.15101663215587272], [0.3090169943749475, -0.888333130328663, -0.3396656396339675, 0.04906827824620271], [-0.0, -0.3571455889468452, 0.9340487290799185, -0.06071475012096368], [0.0, 0.0, 0.0, 1.0]]}, "_x_00100_y_00240_step_08000_.tif": {"matrix": [[-0.8910065241883678, -0.42404924929608084, -0.16214070440575304, 0.14148139695841033], [0.45399049973954686, -0.8322435115200606, -0.3182190498367361, 0.07208837238033372], [-0.0, -0.3571455889468452, 0.9340487290799185, -0.06071475012096368], [0.0, 0.0, 0.0, 1.0]]}, "_x_00100_y_00320_step_08000_.tif": {"matrix": [[-0.8090169943749473, -0.5490200678757039, -0.20992491010426537, 0.1284624202179958], [0.5877852522924732, -0.7556612953999752, -0.28893685092404714, 0.09333341153886965], [-0.0, -0.3571455889468452, 0.9340487290799185, -0.06071475012096368], [0.0, 0.0, 0.0, 1.0]]}, "_x_00100_y_00400_step_08000_.tif": {"matrix": [[-0.7071067811865475, -0.6604721902910868, -0.25254006781517757, 0.11228027234948476], [0.7071067811865476, -0.6604721902910867, -0.2525400678151775, 0.11228027234948475], [-0.0, -0.3571455889468452, 0.9340487290799185, -0.06071475012096368], [0.0, 0.0, 0.0, 1.0]]}, "_x_00100_y_00480_step_08000_.tif": {"matrix": [[-0.587785252292473, -0.7556612953999753, -0.2889368509240472, 0.09333341153886965], [0.8090169943749475, -0.5490200678757037, -0.20992491010426528, 0.1284624202179958], [-0.0, -0.3571455889468452, 0.9340487290799185, -0.06071475012096368], [0.0, 0.0, 0.0, 1.0]]}, "_x_00100_y_00560_step_08000_.tif": {"matrix": [[-0.4539904997395467, -0.8322435115200607, -0.31821904983673616, 0.07208837238033373], [0.8910065241883679, -0.4240492492960807, -0.16214070440575298, 0.1414813969584103], [-0.0, -0.3571455889468452, 0.9340487290799185, -0.06071475012096368], [0.0, 0.0, 0.0, 1.0]]}, "_x_00100_y_00640_step_08000_.tif": {"matrix": [[-0.30901699437494734, -0.8883331303286631, -0.33966563963396756, 0.049068278246202725], [0.9510565162951536, -0.2886369308600159, -0.11036405645062453, 0.15101663215587272], [-0.0, -0.3571455889468452, 0.9340487290799185, -0.06071475012096368], [0.0, 0.0, 0.0, 1.0]]}, "_x_00100_y_00720_step_08000_.tif": {"matrix": [[-0.1564344650402308, -0.9225490392599421, -0.35274853409778273, 0.02483996025337119], [0.9876883405951378, -0.14611741325512453, -0.055869879148377904, 0.15683333667419017], [-0.0, -0.3571455889468452, 0.9340487290799185, -0.06071475012096368], [0.0, 0.0, 0.0, 1.0]]}, "_x_00100_y_00800_step_08000_.tif": {"matrix": [[6.123233995736766e-17, -0.9340487290799185, -0.3571455889468452, 9.722978183680692e-18], [1.0, 5.719398931576878e-17, 2.1868860116667518e-17, 0.15878828394358616], [-0.0, -0.3571455889468452, 0.9340487290799185, -0.06071475012096368], [0.0, 0.0, 0.0, 1.0]]}, "_x_00100_y_00880_step_08000_.tif": {"matrix": [[0.15643446504023115, -0.922549039259942, -0.3527485340977827, -0.024839960253371207], [0.9876883405951377, 0.14611741325512484, 0.05586987914837802, 0.15683333667419014], [-0.0, -0.3571455889468452, 0.9340487290799185, -0.06071475012096368], [0.0, 0.0, 0.0, 1.0]]}, "_x_00100_y_00960_step_08000_.tif": {"matrix": [[0.30901699437494745, -0.888333130328663, -0.3396656396339675, -0.049068278246202704], [0.9510565162951535, 0.288636930860016, 0.11036405645062457, 0.15101663215587274], [-0.0, -0.3571455889468452, 0.9340487290799185, -0.06071475012096368], [0.0, 0.0, 0.0, 1.0]]}, "_x_00100_y_01040_step_08000_.tif": {"matrix": [[0.4539904997395468, -0.8322435115200606, -0.3182190498367361, -0.07208837238033372], [0.8910065241883678, 0.4240492492960808, 0.16214070440575304, 0.14148139695841033], [-0.0, -0.3571455889468452, 0.9340487290799185, -0.06071475012096368], [0.0, 0.0, 0.0, 1.0]]}, "_x_00100_y_01120_step_08000_.tif": {"matrix": [[0.5877852522924731, -0.7556612953999753, -0.2889368509240472, -0.09333341153886963], [0.8090169943749475, 0.5490200678757038, 0.20992491010426534, 0.1284624202179958], [-0.0, -0.3571455889468452, 0.9340487290799185, -0.06071475012096368], [0.0, 0.0, 0.0, 1.0]]}, "_x_00100_y_01200_step_08000_.tif": {"matrix": [[0.7071067811865476, -0.6604721902910867, -0.2525400678151775, -0.11228027234948475], [0.7071067811865475, 0.6604721902910868, 0.25254006781517757, 0.11228027234948476], [-0.0, -0.3571455889468452, 0.9340487290799185, -0.06071475012096368], [0.0, 0.0, 0.0, 1.0]]}, "_x_00100_y_01280_step_08000_.tif": {"matrix": [[0.8090169943749475, -0.5490200678757038, -0.20992491010426534, -0.12846242021799578], [0.5877852522924731, 0.7556612953999753, 0.2889368509240472, 0.09333341153886966], [-0.0, -0.3571455889468452, 0.9340487290799185, -0.06071475012096368], [0.0, 0.0, 0.0, 1.0]]}, "_x_00100_y_01360_step_08000_.tif": {"matrix": [[0.8910065241883679, -0.42404924929608073, -0.162140704405753, -0.1414813969584103], [0.45399049973954675, 0.8322435115200607, 0.31821904983673616, 0.07208837238033375], [-0.0, -0.3571455889468452, 0.9340487290799185, -0.06071475012096368], [0.0, 0.0, 0.0, 1.0]]}, "_x_00100_y_01440_step_08000_.tif": {"matrix": [[0.9510565162951535, -0.28863693086001596, -0.11036405645062454, -0.15101663215587272], [0.3090169943749474, 0.888333130328663, 0.3396656396339675, 0.04906827824620273], [-0.0, -0.3571455889468452, 0.9340487290799185, -0.06071475012096368], [0.0, 0.0, 0.0, 1.0]]}, "_x_00100_y_01520_step_08000_.tif": {"matrix": [[0.9876883405951378, -0.1461174132551246, -0.055869879148377925, -0.15683333667419014], [0.15643446504023087, 0.9225490392599421, 0.35274853409778273, 0.0248399602533712], [-0.0, -0.3571455889468452, 0.9340487290799185, -0.06071475012096368], [0.0, 0.0, 0.0, 1.0]]}, "_x_00100_y_01600_step_08000_.tif": {"matrix": [[1.0, -0.0, 0.0, -0.15878828394358616], [0.0, 0.9340487290799185, 0.3571455889468452, 1.9445956367361383e-17], [-0.0, -0.3571455889468452, 0.9340487290799185, -0.06071475012096368], [0.0, 0.0, 0.0, 1.0]]}, "_x_00100_y_01680_step_08000_.tif": {"matrix": [[0.9876883405951378, 0.1461174132551246, 0.055869879148377925, -0.15683333667419017], [-0.15643446504023087, 0.9225490392599421, 0.35274853409778273, -0.02483996025337116], [-0.0, -0.3571455889468452, 0.9340487290799185, -0.06071475012096368], [0.0, 0.0, 0.0, 1.0]]}, "_x_00100_y_01760_step_08000_.tif": {"matrix": [[0.9510565162951534, 0.28863693086001635, 0.1103640564506247, -0.15101663215587272], [-0.30901699437494784, 0.8883331303286629, 0.33966563963396745, -0.049068278246202766], [-0.0, -0.3571455889468452, 0.9340487290799185, -0.06071475012096368], [0.0, 0.0, 0.0, 1.0]]}, "_x_00100_y_01840_step_08000_.tif": {"matrix": [[0.8910065241883681, 0.42404924929608034, 0.16214070440575287, -0.14148139695841036], [-0.45399049973954636, 0.8322435115200609, 0.3182190498367362, -0.07208837238033365], [-0.0, -0.3571455889468452, 0.9340487290799185, -0.06071475012096368], [0.0, 0.0, 0.0, 1.0]]}, "_x_00100_y_01920_step_08000_.tif": {"matrix": [[0.8090169943749475, 0.5490200678757038, 0.20992491010426534, -0.1284624202179958], [-0.5877852522924731, 0.7556612953999753, 0.2889368509240472, -0.09333341153886963], [-0.0, -0.3571455889468452, 0.9340487290799185, -0.06071475012096368], [0.0, 0.0, 0.0, 1.0]]}, "_x_00100_y_02000_step_08000_.tif": {"matrix": [[0.7071067811865476, 0.6604721902910867, 0.2525400678151775, -0.11228027234948477], [-0.7071067811865475, 0.6604721902910868, 0.25254006781517757, -0.11228027234948475], [-0.0, -0.3571455889468452, 0.9340487290799185, -0.06071475012096368], [0.0, 0.0, 0.0, 1.0]]}, "_x_00100_y_02080_step_08000_.tif": {"matrix": [[0.5877852522924731, 0.7556612953999753, 0.2889368509240472, -0.09333341153886966], [-0.8090169943749475, 0.5490200678757038, 0.20992491010426534, -0.12846242021799578], [-0.0, -0.3571455889468452, 0.9340487290799185, -0.06071475012096368], [0.0, 0.0, 0.0, 1.0]]}, "_x_00100_y_02160_step_08000_.tif": {"matrix": [[0.4539904997395468, 0.8322435115200606, 0.3182190498367361, -0.07208837238033375], [-0.8910065241883678, 0.4240492492960808, 0.16214070440575304, -0.1414813969584103], [-0.0, -0.3571455889468452, 0.9340487290799185, -0.06071475012096368], [0.0, 0.0, 0.0, 1.0]]}, "_x_00100_y_02240_step_08000_.tif": {"matrix": [[0.30901699437494745, 0.888333130328663, 0.3396656396339675, -0.04906827824620274], [-0.9510565162951535, 0.288636930860016, 0.11036405645062457, -0.15101663215587272], [-0.0, -0.3571455889468452, 0.9340487290799185, -0.06071475012096368], [0.0, 0.0, 0.0, 1.0]]}, "_x_00100_y_02320_step_08000_.tif": {"matrix": [[0.15643446504023092, 0.9225490392599421, 0.35274853409778273, -0.024839960253371207], [-0.9876883405951378, 0.14611741325512465, 0.055869879148377946, -0.15683333667419014], [-0.0, -0.3571455889468452, 0.9340487290799185, -0.06071475012096368], [0.0, 0.0, 0.0, 1.0]]}, "_x_00100_y_02400_step_08000_.tif": {"matrix": [[6.123233995736766e-17, 0.9340487290799185, 0.3571455889468452, -2.916893455104207e-17], [-1.0, 5.719398931576878e-17, 2.1868860116667518e-17, -0.15878828394358616], [-0.0, -0.3571455889468452, 0.9340487290799185, -0.06071475012096368], [0.0, 0.0, 0.0, 1.0]]}, "_x_00100_y_02480_step_08000_.tif": {"matrix": [[-0.1564344650402308, 0.9225490392599421, 0.35274853409778273, 0.02483996025337115], [-0.9876883405951378, -0.14611741325512453, -0.055869879148377904, -0.15683333667419017], [-0.0, -0.3571455889468452, 0.9340487290799185, -0.06071475012096368], [0.0, 0.0, 0.0, 1.0]]}, "_x_00100_y_02560_step_08000_.tif": {"matrix": [[-0.30901699437494734, 0.8883331303286631, 0.33966563963396756, 0.04906827824620268], [-0.9510565162951536, -0.2886369308600159, -0.11036405645062453, -0.15101663215587274], [-0.0, -0.3571455889468452, 0.9340487290799185, -0.06071475012096368], [0.0, 0.0, 0.0, 1.0]]}, "_x_00100_y_02640_step_08000_.tif": {"matrix": [[-0.4539904997395467, 0.8322435115200607, 0.31821904983673616, 0.0720883723803337], [-0.8910065241883679, -0.4240492492960807, -0.16214070440575298, -0.14148139695841033], [-0.0, -0.3571455889468452, 0.9340487290799185, -0.06071475012096368], [0.0, 0.0, 0.0, 1.0]]}, "_x_00100_y_02720_step_08000_.tif": {"matrix": [[-0.587785252292473, 0.7556612953999753, 0.2889368509240472, 0.09333341153886962], [-0.8090169943749475, -0.5490200678757037, -0.20992491010426528, -0.1284624202179958], [-0.0, -0.3571455889468452, 0.9340487290799185, -0.06071475012096368], [0.0, 0.0, 0.0, 1.0]]}, "_x_00100_y_02800_step_08000_.tif": {"matrix": [[-0.7071067811865475, 0.6604721902910868, 0.25254006781517757, 0.11228027234948472], [-0.7071067811865476, -0.6604721902910867, -0.2525400678151775, -0.11228027234948477], [-0.0, -0.3571455889468452, 0.9340487290799185, -0.06071475012096368], [0.0, 0.0, 0.0, 1.0]]}, "_x_00100_y_02880_step_08000_.tif": {"matrix": [[-0.8090169943749473, 0.5490200678757039, 0.20992491010426537, 0.12846242021799578], [-0.5877852522924732, -0.7556612953999752, -0.28893685092404714, -0.09333341153886969], [-0.0, -0.3571455889468452, 0.9340487290799185, -0.06071475012096368], [0.0, 0.0, 0.0, 1.0]]}, "_x_00100_y_02960_step_08000_.tif": {"matrix": [[-0.8910065241883678, 0.42404924929608084, 0.16214070440575304, 0.1414813969584103], [-0.45399049973954686, -0.8322435115200606, -0.3182190498367361, -0.07208837238033376], [-0.0, -0.3571455889468452, 0.9340487290799185, -0.06071475012096368], [0.0, 0.0, 0.0, 1.0]]}, "_x_00100_y_03040_step_08000_.tif": {"matrix": [[-0.9510565162951535, 0.28863693086001607, 0.11036405645062458, 0.15101663215587272], [-0.3090169943749475, -0.888333130328663, -0.3396656396339675, -0.049068278246202746], [-0.0, -0.3571455889468452, 0.9340487290799185, -0.06071475012096368], [0.0, 0.0, 0.0, 1.0]]}, "_x_00100_y_03120_step_08000_.tif": {"matrix": [[-0.9876883405951377, 0.1461174132551247, 0.05586987914837797, 0.15683333667419014], [-0.15643446504023098, -0.922549039259942, -0.3527485340977827, -0.02483996025337122], [-0.0, -0.3571455889468452, 0.9340487290799185, -0.06071475012096368], [0.0, 0.0, 0.0, 1.0]]}, "_x_00150_y_00000_step_08000_.tif": {"matrix": [[-1.0, -1.2072285162146395e-16, -2.0581324617248884e-17, 0.1675820717445855], [1.2246467991473532e-16, -0.9857768926152087, -0.1680592692650518, 0.0], [-0.0, -0.1680592692650518, 0.9857768926152087, -0.0285700757750588], [0.0, 0.0, 0.0, 1.0]]}, "_x_00150_y_00080_step_08000_.tif": {"matrix": [[-0.9876883405951377, -0.1542094808452814, -0.02629026188253051, 0.16551885835490499], [0.15643446504023098, -0.9736403432641467, -0.16599018078203043, 0.026215611743697822], [-0.0, -0.1680592692650518, 0.9857768926152087, -0.0285700757750588], [0.0, 0.0, 0.0, 1.0]]}, "_x_00150_y_00160_step_08000_.tif": {"matrix": [[-0.9510565162951535, -0.3046218124802272, -0.0519331702651363, 0.15938002134692997], [0.3090169943749475, -0.9375295373348821, -0.15983386315832934, 0.05178570812163861], [-0.0, -0.1680592692650518, 0.9857768926152087, -0.0285700757750588], [0.0, 0.0, 0.0, 1.0]]}, "_x_00150_y_00240_step_08000_.tif": {"matrix": [[-0.8910065241883678, -0.4475333441100762, -0.07629731163950393, 0.14931671926142884], [0.45399049973954686, -0.878333642714287, -0.14974190536549079, 0.07608066849871295], [-0.0, -0.1680592692650518, 0.9857768926152087, -0.0285700757750588], [0.0, 0.0, 0.0, 1.0]]}, "_x_00150_y_00320_step_08000_.tif": {"matrix": [[-0.8090169943749473, -0.5794251195299208, -0.09878275998504717, 0.13557674399393138], [0.5877852522924732, -0.7975102587878314, -0.13596280489766216, 0.09850227032008653], [-0.0, -0.1680592692650518, 0.9857768926152087, -0.0285700757750588], [0.0, 0.0, 0.0, 1.0]]}, "_x_00150_y_00400_step_08000_.tif": {"matrix": [[-0.7071067811865475, -0.6970495255052173, -0.11883584893857406, 0.11849841933588694], [0.7071067811865476, -0.6970495255052171, -0.11883584893857405, 0.11849841933588692], [-0.0, -0.1680592692650518, 0.9857768926152087, -0.0285700757750588], [0.0, 0.0, 0.0, 1.0]]}, "_x_00150_y_00480_step_08000_.tif": {"matrix": [[-0.587785252292473, -0.7975102587878315, -0.1359628048976622, 0.09850227032008653], [0.8090169943749475, -0.579425119529920