{
    "intrinsics": {
        "camera matrix": {
            "shape": [
                3,
                3
            ],
            "matrix": [
                [
                    532.8270893491916,
                    0.0,
                    342.4867896254348
                ],
                [
                    0.0,
                    532.9458739425538,
                    233.8559582805582
                ],
                [
                    0.0,
                    0.0,
                    1.0
                ]
            ]
        },
        "distortion matrix": {
            "shape": [
                1,
                5
            ],
            "matrix": [
                [
                    -0.2808807826288293,
                    0.025171655116920565,
                    0.001216570673751925,
                    -0.00013553854907258277,
                    0.16344829006694958
                ]
            ]
        }
    },
    "extrinsics": {
        "/home/psadmin/Numerisation/Sphaeroptica/data/calibration_images/test_calib/left03.jpg": {
            "matrix": [
                [
                    0.9211700864184924,
                    -0.36650802226579776,
                    0.13083402272559186,
                    -0.06393199913648893
                ],
                [
                    0.31521025624361493,
                    0.8998614806482119,
                    0.3014826860773972,
                    -0.15903319189585896
                ],
                [
                    -0.22822832043062008,
                    -0.2364766061588785,
                    0.9444525655071285,
                    0.5064944762905393
                ]
            ]
        },
        "/home/psadmin/Numerisation/Sphaeroptica/data/calibration_images/test_calib/left09.jpg": {
            "matrix": [
                [
                    0.9026166309369716,
                    -0.16943262888124705,
                    -0.3956966032535285,
                    -0.10626105486231434
                ],
                [
                    0.0862293491760695,
                    0.9718119231888567,
                    -0.21942216225497174,
                    -0.12814940867969124
                ],
                [
                    0.4217199507927769,
                    0.16393343227775498,
                    0.8917836693307253,
                    0.4423471237303903
                ]
            ]
        },
        "/home/psadmin/Numerisation/Sphaeroptica/data/calibration_images/test_calib/left11.jpg": {
            "matrix": [
                [
                    0.15725000854803084,
                    -0.8088115042811654,
                    -0.5666536732026735,
                    0.07487016754159571
                ],
                [
                    0.9825187350006717,
                    0.18602714844052254,
                    0.007129895915624518,
                    -0.17583201335616505
                ],
                [
                    0.09964622513835672,
                    -0.5578690263722533,
                    0.823925226722759,
                    0.5383096846414922
                ]
            ]
        },
        "/home/psadmin/Numerisation/Sphaeroptica/data/calibration_images/test_calib/left01.jpg": {
            "matrix": [
                [
                    0.9625882010866295,
                    0.009763775136818656,
                    0.27079258450682187,
                    -0.1206309927884522
                ],
                [
                    0.03550056534712858,
                    0.986192590750478,
                    -0.16175253880200588,
                    -0.17222947028014027
                ],
                [
                    -0.2686329558874727,
                    0.16531437518842032,
                    0.9489507323181859,
                    0.6359594219513259
                ]
            ]
        },
        "/home/psadmin/Numerisation/Sphaeroptica/data/calibration_images/test_calib/left13.jpg": {
            "matrix": [
                [
                    0.30801083319695466,
                    -0.9504824801437384,
                    0.04138093248255739,
                    0.053781149734365784
                ],
                [
                    0.8372822943248106,
                    0.25016045811148396,
                    -0.4861873145276767,
                    -0.14467434573234766
                ],
                [
                    0.45176065149977296,
                    0.1843984819277552,
                    0.8728742828261356,
                    0.4627295685013947
                ]
            ]
        },
        "/home/psadmin/Numerisation/Sphaeroptica/data/calibration_images/test_calib/left02.jpg": {
            "matrix": [
                [
                    0.09599298213292648,
                    0.9758678181452707,
                    0.19613094832182087,
                    -0.09359934614540133
                ],
                [
                    -0.7529699189790604,
                    0.2000634308144017,
                    -0.626905834048016,
                    0.13332951493483144
                ],
                [
                    -0.6510158588651241,
                    -0.08750214374036924,
                    0.7540037973027358,
                    0.5637623318479232
                ]
            ]
        },
        "/home/psadmin/Numerisation/Sphaeroptica/data/calibration_images/test_calib/left07.jpg": {
            "matrix": [
                [
                    -0.31966971757876267,
                    -0.9018956224573762,
                    0.29050913557982294,
                    0.031045576071313905
                ],
                [
                    0.9461007314408014,
                    -0.2869876222152895,
                    0.15010499879216066,
                    -0.11286443245461723
                ],
                [
                    -0.05200651526774694,
                    0.32283492823335597,
                    0.9450253602323426,
                    0.6197093474543679
                ]
            ]
        },
        "/home/psadmin/Numerisation/Sphaeroptica/data/calibration_images/test_calib/left06.jpg": {
            "matrix": [
                [
                    -0.0897084947271378,
                    -0.8964333945364599,
                    0.43400409575674626,
                    0.2674075456190575
                ],
                [
                    0.9924654958964186,
                    -0.11697265544577934,
                    -0.03646419247753749,
                    -0.10308644522757571
                ],
                [
                    0.08345433139668071,
                    0.4274629422976953,
                    0.9001726542910147,
                    0.5347609513613975
                ]
            ]
        },
        "/home/psadmin/Numerisation/Sphaeroptica/data/calibration_images/test_calib/left04.jpg": {
            "matrix": [
                [
                    0.9718920622241047,
                    -0.011102077244785286,
                    0.23516497032217162,
                    -0.15772100858040425
                ],
                [
                    -0.015904725700363997,
                    0.9935091875297604,
                    0.11263451511127329,
                    -0.10602117794824586
                ],
                [
                    -0.23488903568743522,
                    -0.11320882551641587,
                    0.965407117613611,
                    0.5263309110809978
                ]
            ]
        },
        "/home/psadmin/Numerisation/Sphaeroptica/data/calibration_images/test_calib/left12.jpg": {
            "matrix": [
                [
                    0.006247816237613963,
                    -0.9975082293222843,
                    0.07027301919358342,
                    0.0809936677762919
                ],
                [
                    0.9295905461827791,
                    0.031693156505648044,
                    0.367228757422823,
                    -0.16251231377581707
                ],
                [
                    -0.36854088136848956,
                    0.06303075650053097,
                    0.9274722327353564,
                    0.5131501377046362
                ]
            ]
        },
        "/home/psadmin/Numerisation/Sphaeroptica/data/calibration_images/test_calib/left08.jpg": {
            "matrix": [
                [
                    -0.24341620377450612,
                    -0.9502022239169486,
                    0.19458747493940493,
                    0.1262527441123695
                ],
                [
                    0.9162530506300096,
                    -0.15946184144887204,
                    0.3674945827259722,
                    -0.13908112575280365
                ],
                [
                    -0.3181648927069259,
                    0.2677455037624727,
                    0.9094412824717002,
                    0.5041234108608207
                ]
            ]
        },
        "/home/psadmin/Numerisation/Sphaeroptica/data/calibration_images/test_calib/left05.jpg": {
            "matrix": [
                [
                    0.1947425227928491,
                    -0.9712480230045613,
                    0.1369402337737452,
                    0.09343173312611817
                ],
                [
                    0.8642690783404987,
                    0.23593177908427018,
                    0.4442692380106865,
                    -0.18285864341799848
                ],
                [
                    -0.4638041720820778,
                    0.03183509742190935,
                    0.8853655835480596,
                    0.5053688838786647
                ]
            ]
        },
        "/home/psadmin/Numerisation/Sphaeroptica/data/calibration_images/test_calib/left14.jpg": {
            "matrix": [
                [
                    0.146458003938906,
                    -0.8950881572323512,
                    -0.421149906642071,
                    0.07182898179285273
                ],
                [
                    0.9632264759812652,
                    0.2259903514230826,
                    -0.14533794078761708,
                    -0.1714396943767056
                ],
                [
                    0.2252660849993729,
                    -0.38437683573033554,
                    0.8952707071623589,
                    0.49742151810944896
                ]
            ]
        }
    }
}