{
    "intrinsics": {
        "camera matrix": {
            "shape": [
                3,
                3
            ],
            "matrix": [
                [
                    532.9260118797918,
                    0.0,
                    343.5752692593499
                ],
                [
                    0.0,
                    533.0965987715467,
                    233.70249271327793
                ],
                [
                    0.0,
                    0.0,
                    1.0
                ]
            ]
        },
        "distortion matrix": {
            "shape": [
                1,
                5
            ],
            "matrix": [
                [
                    -0.28685999559505904,
                    0.06649710952143406,
                    0.0011957935058044481,
                    0.00033315295878355404,
                    0.0693878108945245
                ]
            ]
        }
    },
    "extrinsics": {
        "/home/broot/UCL/Master_Thesis/Sphaeroptica/data/calibration_images/test_calib/left04.jpg": {
            "matrix": [
                [
                    0.972544639618893,
                    -0.01079935725583601,
                    0.23246569172980838,
                    -158.85270060556465
                ],
                [
                    -0.01595590974829545,
                    0.9934775595862296,
                    0.11290592341721392,
                    -105.87050543428839
                ],
                [
                    -0.23216875951053736,
                    -0.11351525219744854,
                    0.9660289615875334,
                    525.9638482010951
                ]
            ]
        },
        "/home/broot/UCL/Master_Thesis/Sphaeroptica/data/calibration_images/test_calib/left13.jpg": {
            "matrix": [
                [
                    0.3070825401755292,
                    -0.9508604017559251,
                    0.039557678039856076,
                    52.811396366860365
                ],
                [
                    0.8373294864393265,
                    0.2501952414750783,
                    -0.486088132217277,
                    -144.5245544714484
                ],
                [
                    0.45230481387953203,
                    0.18239198862830489,
                    0.8730140421697774,
                    462.8435343273023
                ]
            ]
        },
        "/home/broot/UCL/Master_Thesis/Sphaeroptica/data/calibration_images/test_calib/left06.jpg": {
            "matrix": [
                [
                    -0.0901076540848416,
                    -0.8967702080726202,
                    0.4332248891611793,
                    266.2412995585124
                ],
                [
                    0.9925130830402024,
                    -0.11687019948561818,
                    -0.03548431295973137,
                    -102.93084003837231
                ],
                [
                    0.08245235393461417,
                    0.4267839621934982,
                    0.9005870635008365,
                    535.3998314175561
                ]
            ]
        },
        "/home/broot/UCL/Master_Thesis/Sphaeroptica/data/calibration_images/test_calib/left07.jpg": {
            "matrix": [
                [
                    -0.3196317324633636,
                    -0.902843654554179,
                    0.28759153505227325,
                    29.779277475555528
                ],
                [
                    0.9460206309030476,
                    -0.28687332643555086,
                    0.15082659077762645,
                    -112.68255443719633
                ],
                [
                    -0.053670490106468,
                    0.320276489944323,
                    0.9458025420142807,
                    619.9551722418787
                ]
            ]
        },
        "/home/broot/UCL/Master_Thesis/Sphaeroptica/data/calibration_images/test_calib/left05.jpg": {
            "matrix": [
                [
                    0.19573028510189733,
                    -0.9713240810579155,
                    0.13497846143339362,
                    92.3647631964162
                ],
                [
                    0.8642022812782043,
                    0.2359017258754288,
                    0.44441511311221354,
                    -182.71542099593592
                ],
                [
                    -0.4635127533601179,
                    0.0296631975011154,
                    0.8855935987723333,
                    505.6466402357915
                ]
            ]
        },
        "/home/broot/UCL/Master_Thesis/Sphaeroptica/data/calibration_images/test_calib/left14.jpg": {
            "matrix": [
                [
                    0.14600536437678893,
                    -0.8943099691353367,
                    -0.4229563957175186,
                    70.78030581354888
                ],
                [
                    0.9632821001825354,
                    0.2258966188897239,
                    -0.14511482709259843,
                    -171.29516770688986
                ],
                [
                    0.22532205626863294,
                    -0.3862387819462773,
                    0.8944549034353443,
                    497.6049100345764
                ]
            ]
        },
        "/home/broot/UCL/Master_Thesis/Sphaeroptica/data/calibration_images/test_calib/left08.jpg": {
            "matrix": [
                [
                    -0.24277432482356792,
                    -0.9507848702468609,
                    0.19253248483339302,
                    125.19789492127589
                ],
                [
                    0.916065440646372,
                    -0.15939108207888691,
                    0.3679926512949546,
                    -138.92145551087864
                ],
                [
                    -0.31919388412034033,
                    0.26571152301581036,
                    0.9096772234571939,
                    504.4492169878984
                ]
            ]
        },
        "/home/broot/UCL/Master_Thesis/Sphaeroptica/data/calibration_images/test_calib/left03.jpg": {
            "matrix": [
                [
                    0.9217331334383626,
                    -0.3659225171211831,
                    0.1284863501917425,
                    -65.01260791833629
                ],
                [
                    0.3152319504710312,
                    0.8998796940593597,
                    0.30140562971162715,
                    -158.903540238222
                ],
                [
                    -0.22591336419992283,
                    -0.23731255273021407,
                    0.9447993989162686,
                    506.39351072095957
                ]
            ]
        },
        "/home/broot/UCL/Master_Thesis/Sphaeroptica/data/calibration_images/test_calib/left12.jpg": {
            "matrix": [
                [
                    0.007025742120354568,
                    -0.9976537896423892,
                    0.06809959588600892,
                    79.91081931893468
                ],
                [
                    0.9294040818806819,
                    0.03164453310233632,
                    0.36770460441536756,
                    -162.3465609991595
                ],
                [
                    -0.3689968719802176,
                    0.06070864466379214,
                    0.9274458307264635,
                    513.3820598430074
                ]
            ]
        }
    }
}