{"thumbnails": "thumbnails", "thumbnails_width": 640, "thumbnails_height": 427, "intrinsics": {"camera matrix": {"shape": [3, 3], "matrix": [[16537.104954667044, 0.0, 2741.8601248624573], [0.0, 16537.104954667044, 2198.610985836009], [0.0, 0.0, 1.0]]}, "distortion matrix": {"shape": [1, 5], "matrix": [[0.09536532194362714, -44.85263525944744, 0.00690555415759009, 0.001343798286466605, 157.7585714814861]]}, "width": 5472, "height": 3648}, "extrinsics": {"_x_00000_y_00000_step_06200_.jpg": {"matrix": [[0.1290008952755208, 0.9915462386839976, 0.0139579930409457, -0.0008625906906479308], [-0.7559245735368959, 0.10743702445727751, -0.6457827226698072, 0.01601249593065833], [-0.6418230349100728, 0.07275535944096069, 0.7633936399600406, 0.18822960378533837], [0.0, 0.0, 0.0, 1.0]]}, "_x_00000_y_00160_step_06200_.jpg": {"matrix": [[-0.1771909907249436, 0.984060449219597, 0.0151124150167363, -0.0012017857682643121], [-0.7532346960430585, -0.12571323782925173, -0.64562657512792, 0.01620944791744519], [-0.6334357469253172, -0.12578240781687666, 0.7635037265141241, 0.18842559045818347], [0.0, 0.0, 0.0, 1.0]]}, "_x_00000_y_00320_step_06200_.jpg": {"matrix": [[-0.471280770750415, 0.8818289762471481, 0.0164952045092372, -0.001424220701500286], [-0.6795955247485387, -0.35115202564960113, -0.6440824307679418, 0.016600717149414412], [-0.562178226065945, -0.314753731563406, 0.764778223149861, 0.18878575519040333], [0.0, 0.0, 0.0, 1.0]]}, "_x_00000_y_00480_step_06200_.jpg": {"matrix": [[-0.721449280728492, 0.6921809753810986, 0.0199106166858969, -0.00139388675245226], [-0.5398373763444916, -0.5441907961596707, -0.6422086767372424, 0.017072290880826728], [-0.43368945391586056, -0.4740694829827957, 0.766271220173763, 0.18919303511179397], [0.0, 0.0, 0.0, 1.0]]}, "_x_00000_y_00640_step_06200_.jpg": {"matrix": [[-0.9003436134183586, 0.4345756098128388, 0.0229219792464094, -0.0012027716737121506], [-0.3459720117296264, -0.6828371851130955, -0.6434568716911646, 0.01736153442385562], [-0.26397868261761015, -0.5872626482100008, 0.7651390965967222, 0.18944801549241508], [0.0, 0.0, 0.0, 1.0]]}, "_x_00000_y_00800_step_06200_.jpg": {"matrix": [[-0.9888420600916682, 0.1467767870086323, 0.0254549600095598, -0.00089056241592235], [-0.1286454573460694, -0.7552266820167001, -0.642715337512858, 0.017804859908451404], [-0.07511142721241809, -0.638818623370882, 0.7656820749741011, 0.1898162248652113], [0.0, 0.0, 0.0, 1.0]]}, "_x_00000_y_00960_step_06200_.jpg": {"matrix": [[-0.9838095388144504, -0.1772831595914588, 0.0262578114656989, -0.0005223287739647058], [0.11851023358608562, -0.7534470812458625, -0.6467401489759718, 0.01789507045638429], [0.13444000845384627, -0.6331573083265802, 0.7622582941756488, 0.1899125942326821], [0.0, 0.0, 0.0, 1.0]]}, "_x_00000_y_01120_step_06200_.jpg": {"matrix": [[-0.8729178369935131, -0.4871795715358098, 0.0258943031717676, -0.00013103019525307193], [0.35534438930156287, -0.6712723452192761, -0.650479671885073, 0.017881610547261815], [0.33428253745965586, -0.558613912843207, 0.7590821309499628, 0.1899025244211274], [0.0, 0.0, 0.0, 1.0]]}, "_x_00000_y_01280_step_06200_.jpg": {"matrix": [[-0.6649804141668814, -0.7464991652039034, 0.0232388709777063, 0.00023688538824316707], [0.5544129956635846, -0.5142407547623341, -0.6543566889554924, 0.01779037396699127], [0.5004270966022656, -0.42225044995990235, 0.7558288685244082, 0.18978583038353306], [0.0, 0.0, 0.0, 1.0]]}, "_x_00000_y_01440_step_06200_.jpg": {"matrix": [[-0.3832355494770192, -0.9234439469388384, 0.0195394595387536, 0.0005760750988770034], [0.6915061429360138, -0.30087572546261054, -0.6567290553257902, 0.017596838250322638], [0.6123314199833326, -0.23817026407460537, 0.753873435937246, 0.18965720830457153], [0.0, 0.0, 0.0, 1.0]]}, "_x_00000_y_01600_step_06200_.jpg": {"matrix": [[-0.0629544715198817, -0.9978983490770884, 0.015349899832687, 0.0008145984957911417], [0.750478739504525, -0.05747301427701821, -0.6583908521399829, 0.01734155587011131], [0.6578893494101813, -0.029928874672041493, 0.7525196784094849, 0.18941534425804468], [0.0, 0.0, 0.0, 1.0]]}, "_x_00000_y_01760_step_06200_.jpg": {"matrix": [[0.2570296770675027, -0.9663410337268276, 0.0109887052167867, 0.0009505486489762783], [0.7293997932975435, 0.18652315633971242, -0.658167952491286, 0.01706711555905481], [0.6339650515951768, 0.17718385559874636, 0.752790936894891, 0.1891819605531419], [0.0, 0.0, 0.0, 1.0]]}, "_x_00000_y_01920_step_06200_.jpg": {"matrix": [[0.5415975463062298, -0.8405974891141774, 0.0082437327717111, 0.001027539318519958], [0.6394419931733422, 0.40558742476366283, -0.6531560137058249, 0.017076792211739696], [0.5456977507756234, 0.35901908329296384, 0.7571784879603395, 0.1892019326443558], [0.0, 0.0, 0.0, 1.0]]}, "_x_00000_y_02080_step_06200_.jpg": {"matrix": [[0.7735528611011411, -0.6336708137407732, 0.0087903865299078, 0.001168449951051064], [0.48743560587139784, 0.586057540136463, -0.6472581322609873, 0.017053049815563465], [0.40499691506358676, 0.5049731274655168, 0.7622202039612131, 0.1891728141429188], [0.0, 0.0, 0.0, 1.0]]}, "_x_00000_y_02240_step_06200_.jpg": {"matrix": [[0.9306620237845284, -0.3657359270082309, 0.010267871284553, 0.0012091289178525106], [0.28542330499689167, 0.7081662122345994, -0.645781815177504, 0.016752641153712135], [0.22891425130370846, 0.6039353007936616, 0.7634529572968672, 0.18889369111516824], [0.0, 0.0, 0.0, 1.0]]}, "_x_00000_y_02400_step_06200_.jpg": {"matrix": [[0.9978909606504824, -0.0639103627109267, 0.0113620504406185, 0.0010425445514374446], [0.056127653549466805, 0.7615934143384608, -0.6456199793557484, 0.016394732168523534], [0.03260854426509079, 0.6448960666451947, 0.7635743225557471, 0.18858068583366477], [0.0, 0.0, 0.0, 1.0]]}, "_x_00000_y_02560_step_06200_.jpg": {"matrix": [[0.9704767736856056, 0.2408675397347515, 0.012556274881747, 0.0007813989552676861], [-0.17615495836341102, 0.7433807778231352, -0.6452553369070698, 0.01612754595132184], [-0.16475515888967776, 0.6239934674859977, 0.7638637903147644, 0.18836015135946624], [0.0, 0.0, 0.0, 1.0]]}, "_x_00000_y_02720_step_06200_.jpg": {"matrix": [[0.8533726062307758, 0.5211310790588255, 0.0133264163929334, 0.00039946955914192005], [-0.3907260259924131, 0.6563338004129793, -0.6454139098653148, 0.015899209056131153], [-0.34509182480474626, 0.545571572641427, 0.7637167613575667, 0.18817832106326005], [0.0, 0.0, 0.0, 1.0]]}, "_x_00000_y_02880_step_06200_.jpg": {"matrix": [[0.6596383269930524, 0.7514370965302288, 0.0148178109053519, -7.877300479476854e-06], [-0.5672812052565515, 0.510719015418916, -0.6460326009205789, 0.015773497345843376], [-0.49302059969587647, 0.4177419984245687, 0.7631659786886243, 0.1880612318695644], [0.0, 0.0, 0.0, 1.0]]}, "_x_00000_y_03040_step_06200_.jpg": {"matrix": [[0.4063048034743345, 0.91360963382772, 0.0152919472553951, -0.00045299535353599685], [-0.6931212333976372, 0.31906687008602763, -0.6463584827530652, 0.015771185966069363], [-0.5953984904977682, 0.25201938296624166, 0.7628806381881074, 0.18808162199564304], [0.0, 0.0, 0.0, 1.0]]}, "_x_00050_y_00000_step_06200_.jpg": {"matrix": [[0.1149661296709115, 0.99325787629646, 0.0148855703127881, -0.0009480982561954072], [-0.6389197854032438, 0.08541025640400142, -0.7645172306241871, 0.018596907031778936], [-0.7606341412589656, 0.07838290168173499, 0.6444313957863843, 0.1915855009179091], [0.0, 0.0, 0.0, 1.0]]}, "_x_00050_y_00160_step_06200_.jpg": {"matrix": [[-0.1927786800373659, 0.981110001920942, 0.0161103896209973, -0.0012712658972113347], [-0.635491280822876, -0.11232434670127002, -0.7638940195709311, 0.018831912459498234], [-0.7476544740193506, -0.1575004929161251, 0.6451405910420037, 0.1918850210703314], [0.0, 0.0, 0.0, 1.0]]}, "_x_00050_y_00320_step_06200_.jpg": {"matrix": [[-0.4821477944591619, 0.8759120995574088, 0.017649310102603, -0.001468225306725241], [-0.5715594105259207, -0.29922064913509266, -0.7640594501545259, 0.019076016887683667], [-0.6639678791458428, -0.3784772080061172, 0.6449043793326771, 0.19217832120192965], [0.0, 0.0, 0.0, 1.0]]}, "_x_00050_y_00480_step_06200_.jpg": {"matrix": [[-0.72931537613681, 0.683907314206449, 0.0192319449184132, -0.001531781899046444], [-0.45099280577189393, -0.45941837633210686, -0.765206014502216, 0.01933425247907793], [-0.5144944812847053, -0.5667499810880388, 0.6434981644606997, 0.19248961210213292], [0.0, 0.0, 0.0, 1.0]]}, "_x_00050_y_00640_step_06200_.jpg": {"matrix": [[-0.9064841424196772, 0.4217474215262773, 0.0203865636535341, -0.0014092873382919317], [-0.28518588620969326, -0.5759311989496028, -0.7661411517359353, 0.01961446878544782], [-0.3113767972223607, -0.7003087651260764, 0.642348911137191, 0.1928371832193896], [0.0, 0.0, 0.0, 1.0]]}, "_x_00050_y_00800_step_06200_.jpg": {"matrix": [[-0.992661173285556, 0.1190660923602396, 0.0211438100021377, -0.001178947919688217], [-0.09269809007834312, -0.6369208820326588, -0.7653357786792457, 0.02003415829254903], [-0.07765860639472619, -0.761679102825332, 0.643283829403496, 0.19333136482116067], [0.0, 0.0, 0.0, 1.0]]}, "_x_00050_y_00960_step_06200_.jpg": {"matrix": [[-0.9775087168523442, -0.2099002553522423, 0.02045950343355, -0.0008630107526304041], [0.11905574622851403, -0.6293020930417415, -0.7679873729321695, 0.020163317734348634], [0.17407595401908796, -0.7482785300249815, 0.6401381130162441, 0.19348888738589134], [0.0, 0.0, 0.0, 1.0]]}, "_x_00050_y_01120_step_06200_.jpg": {"matrix": [[-0.853863862890342, -0.5201694566475937, 0.0184455962476308, -0.0005034327480950274], [0.31962594777438724, -0.5519801889633493, -0.7701669458638883, 0.02022484236521216], [0.41079892546026475, -0.6517220322828841, 0.6375755919714617, 0.1935517625654122], [0.0, 0.0, 0.0, 1.0]]}, "_x_00050_y_01280_step_06200_.jpg": {"matrix": [[-0.6335881161613627, -0.7735229025509641, 0.0151135134309482, -0.0001285072001659345], [0.4845691667203136, -0.41198492979471407, -0.771661285983705, 0.020230580957962284], [0.6031242174901257, -0.48159187789161934, 0.6358541038837037, 0.19353657456005213], [0.0, 0.0, 0.0, 1.0]]}, "_x_00050_y_01440_step_06200_.jpg": {"matrix": [[-0.3431411855119556, -0.939212556206597, 0.011571562959235, 0.00024296540930109298], [0.5939858270488186, -0.22652314158009312, -0.7719249339112034, 0.020159308402912253], [0.7276228171728678, -0.2580058925539399, 0.6356083663206967, 0.19346606781332334], [0.0, 0.0, 0.0, 1.0]]}, "_x_00050_y_01600_step_06200_.jpg": {"matrix": [[-0.0192389841850586, -0.9997717026763684, 0.0092953760075634, 0.0006426347070567137], [0.6344233338186116, -0.0193930197925171, -0.7727424825191154, 0.019919553774307708], [0.7727463328893939, -0.008969576964492099, 0.6346515986705406, 0.19317236790264783], [0.0, 0.0, 0.0, 1.0]]}, "_x_00050_y_01760_step_06200_.jpg": {"matrix": [[0.2965545154573394, -0.9549930948862004, 0.0066036415362508, 0.0008649095623872743], [0.6098148928062909, 0.18403561528193912, -0.7708804633790184, 0.019781013036862683], [0.734970214276412, 0.23263508124845386, 0.6369456045056053, 0.19301766525536795], [0.0, 0.0, 0.0, 1.0]]}, "_x_00050_y_01920_step_06200_.jpg": {"matrix": [[0.5788482872879799, -0.8154153288562789, 0.0057010323608291, 0.0010360103805945973], [0.5252911375306004, 0.36752874463076224, -0.7674580397011576, 0.01969715213035919], [0.6237017565596394, 0.44723647362032365, 0.641073830013422, 0.19289341469958945], [0.0, 0.0, 0.0, 1.0]]}, "_x_00050_y_02080_step_06200_.jpg": {"matrix": [[0.8027387566500853, -0.596300785448626, 0.0059884760354317, 0.0011380214954561595], [0.38726120303869427, 0.5136410667553442, -0.7656380444854183, 0.019457011939171296], [0.45347464007692745, 0.6169264363080768, 0.6432437508373618, 0.19258411215511864], [0.0, 0.0, 0.0, 1.0]]}, "_x_00050_y_02240_step_06200_.jpg": {"matrix": [[0.9472055269373132, -0.3205505887782742, 0.0070006980587072, 0.0010938761892005423], [0.21156370747800093, 0.608452121881364, -0.7648704550812698, 0.01913791595346183], [0.24092008512693666, 0.7259706160802705, 0.6441460837189513, 0.19218927314716766], [0.0, 0.0, 0.0, 1.0]]}, "_x_00050_y_02400_step_06200_.jpg": {"matrix": [[0.99983211587597, -0.0161690678324965, 0.0086198206715004, 0.00090791389833019], [0.0170110601845674, 0.6442887795460964, -0.7645930894158013, 0.018876100656488363], [0.0068091037866751985, 0.7646113586629683, 0.6444556666747466, 0.19189126389019132], [0.0, 0.0, 0.0, 1.0]]}, "_x_00050_y_02560_step_06200_.jpg": {"matrix": [[0.9576264361541864, 0.2878306763964015, 0.0102523413824457, 0.0006204575301203988], [-0.17840965024845262, 0.6207700718529928, -0.7634228936767978, 0.018676559783297315], [-0.22610087456013286, 0.7292448283099584, 0.6458176018864167, 0.19164738199778175], [0.0, 0.0, 0.0, 1.0]]}, "_x_00050_y_02720_step_06200_.jpg": {"matrix": [[0.8267024863625795, 0.56251794041007, 0.0116861353210737, 0.00020651207214957855], [-0.35605485881085663, 0.5391311980636779, -0.7632578127943435, 0.018523741941275255], [-0.4356465729913526, 0.6268262263109582, 0.64598834776616, 0.19147927992562172], [0.0, 0.0, 0.0, 1.0]]}, "_x_00050_y_02880_step_06200_.jpg": {"matrix": [[0.6204740822365749, 0.7841074808045307, 0.0136883826310093, -0.0001938398753730778], [-0.49952685991207596, 0.40861704698345874, -0.7638750062287021, 0.01842288406985604], [-0.6045534132721954, 0.46712692864026856, 0.645219034933136, 0.19135938953946294], [0.0, 0.0, 0.0, 1.0]]}, "_x_00050_y_03040_step_06200_.jpg": {"matrix": [[0.3570833813888831, 0.93395481894247, 0.0148275051852709, -0.0006400264326459913], [-0.5982146774001716, 0.24085205720154423, -0.7642836425600076, 0.018443561380070722], [-0.7173776261348622, 0.26404295619448365, 0.6447097477200012, 0.19139698815643885], [0.0, 0.0, 0.0, 1.0]]}, "_x_00100_y_00000_step_06200_.jpg": {"matrix": [[0.061389990893367, 0.998047017416132, 0.0115507594934695, -0.001312932511832977], [-0.48505008591035953, 0.03994567160126921, -0.8735735558490062, 0.021194458430398237], [-0.8723288847541765, 0.048025975753619395, 0.48655505595610393, 0.19636998906991693], [0.0, 0.0, 0.0, 1.0]]}, "_x_00100_y_00160_step_06200_.jpg": {"matrix": [[-0.2477414885715593, 0.9687257026454172, 0.0139523429749459, -0.0015837214176986215], [-0.4734794295524945, -0.10849799738618063, -0.8740969135935862, 0.021347824869393753], [-0.8452463455295104, -0.223156217922179, 0.48555114846087694, 0.19665832184944887], [0.0, 0.0, 0.0, 1.0]]}, "_x_00100_y_00320_step_06200_.jpg": {"matrix": [[-0.5345818582718569, 0.8449825870437396, 0.0150553777593719, -0.0017824691478836804], [-0.4160725208135831, -0.24764053956078386, -0.8749616109235165, 0.02153787281914309], [-0.7355990036904883, -0.4740027328601735, 0.4839581748567207, 0.19700495640602586], [0.0, 0.0, 0.0, 1.0]]}, "_x_00100_y_00480_step_06200_.jpg": {"matrix": [[-0.7692855897338945, 0.6386942501270556, 0.0164114680151498, -0.0017970671424668316], [-0.3189849931750904, -0.36169679453644915, -0.8760273985162483, 0.021747451418553384], [-0.553577687011373, -0.6791502659034274, 0.48198201290757964, 0.19738701677376297], [0.0, 0.0, 0.0, 1.0]]}, "_x_00100_y_00640_step_06200_.jpg": {"matrix": [[-0.9308390910142678, 0.3650278716597919, 0.0171242387058384, -0.0016373766610064356], [-0.18912990425427154, -0.4411352587985811, -0.8772853371403623, 0.021938893017327574], [-0.3126794939814608, -0.8198501914107427, 0.47966362973157173, 0.19772131921981675], [0.0, 0.0, 0.0, 1.0]]}, "_x_00100_y_00800_step_06200_.jpg": {"matrix": [[-0.9984545221496128, 0.0528342607199818, 0.0172368237550165, -0.001367851701669418], [-0.040340726631265506, -0.4756870253127759, -0.8786890688542472, 0.022100321976931032], [-0.038225553937778795, -0.8780264203560483, 0.4770832340199082, 0.19801587632473341], [0.0, 0.0, 0.0, 1.0]]}, "_x_00100_y_00960_step_06200_.jpg": {"matrix": [[-0.9636365382592098, -0.2667407705943426, 0.015936857737426, -0.0010014237405633324], [0.11310836176574533, -0.46119947889945523, -0.8800576908143808, 0.022217513659709955], [0.2420973370991013, -0.8462531547743896, 0.47459928087168163, 0.19824202915151837], [0.0, 0.0, 0.0, 1.0]]}, "_x_00100_y_01120_step_06200_.jpg": {"matrix": [[-0.8264773783145996, -0.5628424317719002, 0.0119808234825547, -0.0007296741168451184], [0.2576613608476557, -0.3971000669914334, -0.8808644390151832, 0.022288398380967158], [0.5005454687242318, -0.7249275369252386, 0.4732169692087834, 0.19834992291852144], [0.0, 0.0, 0.0, 1.0]]}, "_x_00100_y_01280_step_06200_.jpg": {"matrix": [[-0.6025608476097607, -0.7980438675058578, 0.0068125225944674, -0.0004808104623101961], [0.37417706465689343, -0.29004063303304584, -0.8808336707202675, 0.022328430534460146], [0.7049198175768354, -0.5282067935251147, 0.4733768414924398, 0.19847826312601263], [0.0, 0.0, 0.0, 1.0]]}, "_x_00100_y_01440_step_06200_.jpg": {"matrix": [[-0.3166862582308286, -0.9485192461718024, 0.004588408158934, -3.0117755122548295e-05], [0.4488824906724605, -0.15412826450500622, -0.880198266101657, 0.022313000401145318], [0.8355921992308483, -0.2766870393103928, 0.4745839850460655, 0.198477750236473], [0.0, 0.0, 0.0, 1.0]]}, "_x_00100_y_01600_step_06200_.jpg": {"matrix": [[-0.0012804271741176, -0.9999964356547484, 0.0023429007769191, 0.0003298271190677503], [0.4765589783970175, -0.0026699427364624, -0.8791384484340193, 0.022248634129513816], [0.879141570291977, -9.142358451999673e-06, 0.476560698443519, 0.19833585597388995], [0.0, 0.0, 0.0, 1.0]]}, "_x_00100_y_01760_step_06200_.jpg": {"matrix": [[0.312569246721497, -0.9498928849740252, 0.0019932585581319, 0.0006940233926149807], [0.455016463208191, 0.14788387207817494, -0.8781175198051084, 0.02210153388424146], [0.8338228134402809, 0.2753794971578117, 0.4784408514452393, 0.19807052719210932], [0.0, 0.0, 0.0, 1.0]]}, "_x_00100_y_01920_step_06200_.jpg": {"matrix": [[0.592321034661691, -0.8056983642025983, 0.0024367639527594, 0.0009577425413332367], [0.3880142174647756, 0.28260118461413114, -0.8772579651960349, 0.021909020821001223], [0.7061166751624705, 0.5205638446684011, 0.48001304636598313, 0.19767430319027646], [0.0, 0.0, 0.0, 1.0]]}, "_x_00100_y_02080_step_06200_.jpg": {"matrix": [[0.8122604079014022, -0.583290094914877, 0.0023864052551177, 0.0010184120600131574], [0.28292159036277303, 0.3903979983465796, -0.8760963283758149, 0.021702341343146653], [0.5100866626980627, 0.7122935266174879, 0.4821301986770536, 0.19726265399148674], [0.0, 0.0, 0.0, 1.0]]}, "_x_00100_y_02240_step_06200_.jpg": {"matrix": [[0.9523951710997886, -0.3048407292445479, 0.0039456126845996, 0.0009920773704010593], [0.15071049935382644, 0.4595265910381102, -0.8752837582826575, 0.0214800147404799], [0.2650090252242833, 0.8342106699884303, 0.4835936048244742, 0.19685799523760575], [0.0, 0.0, 0.0, 1.0]]}, "_x_00100_y_02400_step_06200_.jpg": {"matrix": [[0.9999827073538892, 0.0006391198640561, 0.0058460686778448, 0.0008165304091019121], [0.0048042107078597, 0.4845596977427517, -0.8747450022051727, 0.021277592864047373], [-0.0033918361784126003, 0.8747579612951532, 0.4845482479568844, 0.19647889200629728], [0.0, 0.0, 0.0, 1.0]]}, "_x_00100_y_02560_step_06200_.jpg": {"matrix": [[0.9519105436534548, 0.3063278730463694, 0.0054360901640673, 0.00033850360052063526], [-0.14420607615411882, 0.4636326002381016, -0.8742136006701622, 0.02112873018496658], [-0.2703163414993941, 0.8313892266509979, 0.4855111011367698, 0.19621410300230643], [0.0, 0.0, 0.0, 1.0]]}, "_x_00100_y_02720_step_06200_.jpg": {"matrix": [[0.8141731292063674, 0.5805754825338751, 0.0073637462524268, -5.2327819440276426e-05], [-0.2769620234433878, 0.3994833376827463, -0.8739022259291925, 0.021039227186474576], [-0.5103079004370366, 0.7094682318429848, 0.4860459595111682, 0.1960560806308353], [0.0, 0.0, 0.0, 1.0]]}, "_x_00100_y_02880_step_06200_.jpg": {"matrix": [[0.6020367326864808, 0.79841892318096, 0.0088879470488516, -0.0005151048983095926], [-0.383722851289182, 0.29906664544588846, -0.8736795264742355, 0.021018685762665613], [-0.7002203552416107, 0.5225766591499279, 0.48642069180598463, 0.19601795650874376], [0.0, 0.0, 0.0, 1.0]]}, "_x_00100_y_03040_step_06200_.jpg": {"matrix": [[0.3343412348051583, 0.942396537081911, 0.0102325756769608, -0.0009859881544953533], [-0.4556807627356403, 0.17115022300008492, -0.8735345692299114, 0.021076697989038346], [-0.8249672606725837, 0.2873958386320929, 0.4866545497119375, 0.19612812644780733], [0.0, 0.0, 0.0, 1.0]]}, "_x_00150_y_00000_step_06200_.jpg": {"matrix": [[0.0297109999286041, 0.999485385273796, 0.0120921919987356, -0.0012765521275981543], [-0.3069856340722966, 0.020637074580647504, -0.9514903739008522, 0.022679396634499135], [-0.9512502704107229, 0.024557601202979597, 0.3074408028656609, 0.2010225852417442], [0.0, 0.0, 0.0, 1.0]]}, "_x_00150_y_00160_step_06200_.jpg": {"matrix": [[-0.2819603046647254, 0.9593127877647925, 0.0147431958651248, -0.0015144867564102769], [-0.2971754674870601, -0.07271395202147983, -0.9520501156479452, 0.022767447031887374], [-0.9122418144972432, -0.2728216567876533, 0.30558667423566993, 0.20130096650724302], [0.0, 0.0, 0.0, 1.0]]}, "_x_00150_y_00320_step_06200_.jpg": {"matrix": [[-0.5649286274599581, 0.8249736974612221, 0.016554285649594, -0.0016422464191683651], [-0.2590850879613449, -0.15829808577867954, -0.9527941190177804, 0.022874209395703355], [-0.7834095755556414, -0.5425496424622969, 0.30316550330102493, 0.20166449471613151], [0.0, 0.0, 0.0, 1.0]]}, "_x_00150_y_00480_step_06200_.jpg": {"matrix": [[-0.7930085940146194, 0.6089599128347098, 0.0174698133733344, -0.0016544321905544227], [-0.19596162172954587, -0.2278260134267145, -0.953778984049878, 0.022988417846835484], [-0.5768330890544364, -0.7597783441020373, 0.3000007586748468, 0.2020097940797207], [0.0, 0.0, 0.0, 1.0]]}, "_x_00150_y_00640_step_06200_.jpg": {"matrix": [[-0.9432180987368752, 0.3318108327590041, 0.0155302762039239, -0.0016683430985099945], [-0.11319508506595374, -0.27711422597946084, -0.9541459943199028, 0.023140782332575164], [-0.3122923164794571, -0.9017257216158252, 0.2989385088012486, 0.20250008791403779], [0.0, 0.0, 0.0, 1.0]]}, "_x_00150_y_00800_step_06200_.jpg": {"matrix": [[-0.9996945102608608, 0.0195845834604234, 0.0150774747547363, -0.0013972033473715014], [-0.020203771369456905, -0.2961316261435276, -0.9549334362247668, 0.02324883665396886], [-0.014237056463634198, -0.9549463357112128, 0.2964368434169064, 0.20284004515660084], [0.0, 0.0, 0.0, 1.0]]}, "_x_00150_y_00960_step_06200_.jpg": {"matrix": [[-0.9548726325724614, -0.296719909521011, 0.0132495606712257, -0.0010539982223518197], [0.07525875836637654, -0.284861034147363, -0.9556099154538148, 0.02332565906097479], [0.2873227712056403, -0.9114886101967146, 0.29433677756674154, 0.203065188178825], [0.0, 0.0, 0.0, 1.0]]}, "_x_00150_y_01120_step_06200_.jpg": {"matrix": [[-0.8125857476866063, -0.5827804376113495, 0.008447733075984, -0.0008347152409702888], [0.16431515680990505, -0.24296684998948598, -0.9560165474764144, 0.023369405384329415], [0.5592002609970198, -0.7754573304468216, 0.2931910584536207, 0.20322116679188132], [0.0, 0.0, 0.0, 1.0]]}, "_x_00150_y_01280_step_06200_.jpg": {"matrix": [[-0.5885869290521465, -0.8084192612546899, 0.004870829640332, -0.000480596652220053], [0.23469576353642538, -0.17663460484555665, -0.9558860365907164, 0.02339692060140917], [0.7736170406131303, -0.5614788637192643, 0.29369739540810813, 0.2033038691600726], [0.0, 0.0, 0.0, 1.0]]}, "_x_00150_y_01440_step_06200_.jpg": {"matrix": [[-0.306960607118121, -0.951721990928668, 0.0006615591030413, -0.00015393794555561025], [0.28004568850197753, -0.09098794004354624, -0.955665007792001, 0.02337839509165387], [0.9095875977766672, -0.2931662442188804, 0.294455353528286, 0.20328171516870205], [0.0, 0.0, 0.0, 1.0]]}, "_x_00150_y_01600_step_06200_.jpg": {"matrix": [[0.0059664199867286, -0.9999804380578032, -0.0018775873524076, 0.0001878839355198753], [0.29686061078449444, 0.0035641995744926003, -0.9549141711410772, 0.0233442034716747], [0.9549021832613008, 0.005140037268069499, 0.29687606912596404, 0.20311749556160194], [0.0, 0.0, 0.0, 1.0]]}, "_x_00150_y_01760_step_06200_.jpg": {"matrix": [[0.3158482919988294, -0.9488082689769932, -0.0016508065617853, 0.0005517138254914506], [0.2825901306258133, 0.09573190742754545, -0.9544517902823432, 0.023229074233143153], [0.9057497858207356, 0.3009954661139698, 0.29836061211984083, 0.2027840829143605], [0.0, 0.0, 0.0, 1.0]]}, "_x_00150_y_01920_step_06200_.jpg": {"matrix": [[0.5938265034728623, -0.8045930716108998, -0.0002699795037281, 0.0008797316120165584], [0.2422396622508328, 0.17910391405394505, -0.953541679216572, 0.02313357829436834], [0.7672613829757091, 0.5661729215410206, 0.3012610049573426, 0.20243617882239873], [0.0, 0.0, 0.0, 1.0]]}, "_x_00150_y_02080_step_06200_.jpg": {"matrix": [[0.8132559927860258, -0.5819047833476763, 0.0012301685696928, 0.0010435381813514307], [0.17758037578351216, 0.24616772233422307, -0.952820372692234, 0.023005370390313782], [0.5541479047458382, 0.7751053319374569, 0.3035322455158963, 0.20200468262050156], [0.0, 0.0, 0.0, 1.0]]}, "_x_00150_y_02240_step_06200_.jpg": {"matrix": [[0.953060505831656, -0.3027674279155777, 0.0027489665864229, 0.0010251217902418586], [0.09495085233572614, 0.290243431738959, -0.9522305844558404, 0.022865559664912816], [0.2875065353424633, 0.90779437921028, 0.3053675772075277, 0.20155849889473032], [0.0, 0.0, 0.0, 1.0]]}, "_x_00150_y_02400_step_06200_.jpg": {"matrix": [[0.9999740899720958, 0.0053449547231852, 0.004821912845159, 0.0008531353397360815], [0.002951791726772099, 0.3064813580825275, -0.951872083881806, 0.022736372064023472], [-0.006565539587952, 0.9518616541319947, 0.3064576399488546, 0.2011505387619121], [0.0, 0.0, 0.0, 1.0]]}, "_x_00150_y_02560_step_06200_.jpg": {"matrix": [[0.9499557895098852, 0.3123502493808708, 0.0046173248054718, 0.0003719654924588219], [-0.09177816450876324, 0.2931939981624551, -0.9516375612390032, 0.022642446658114972], [-0.2985980014937371, 0.9035898412184712, 0.307188268576005, 0.20084614238658113], [0.0, 0.0, 0.0, 1.0]]}, "_x_00150_y_02720_step_06200_.jpg": {"matrix": [[0.8083182195656174, 0.5887075155556087, 0.0067169224063736, -2.0982891481038024e-05], [-0.17607620663588366, 0.25261467902400253, -0.9514110538554396, 0.022585246454336964], [-0.5617996309850941, 0.7678601989098948, 0.3078504337418884, 0.2006846094146074], [0.0, 0.0, 0.0, 1.0]]}, "_x_00150_y_02880_step_06200_.jpg": {"matrix": [[0.5894423357868311, 0.8077670208229131, 0.0083769238411239, -0.0005092924231440054], [-0.24413233240047078, 0.18801367464122357, -0.9513412964991116, 0.02256518279819753], [-0.7700371010924545, 0.5587157579832336, 0.3080252663700652, 0.2006251144215617], [0.0, 0.0, 0.0, 1.0]]}, "_x_00150_y_03040_step_06200_.jpg": {"matrix": [[0.3145195125145605, 0.9491900727226024, 0.0107555610018317, -0.0009289021242597655], [-0.288772131622881, 0.10646756052630764, -0.951459570635324, 0.02259469550042794], [-0.904261097385916, 0.2961466940562363, 0.3075857658507317, 0.20074209637333262], [0.0, 0.0, 0.0, 1.0]]}, "_x_00200_y_00000_step_06200_.jpg": {"matrix": [[0.0021622087212174, 0.9999255326738768, 0.0120105770181788, -0.0012856610485620513], [-0.11537199579732912, 0.012179843095716, -0.993247680091882, 0.023285155941139266], [-0.9933200025365376, 0.0007619245549587985, 0.11538973971625692, 0.20572175979350385], [0.0, 0.0, 0.0, 1.0]]}, "_x_00200_y_00160_step_06200_.jpg": {"matrix": [[-0.3072248944936101, 0.9515300379407146, 0.0142636285682503, -0.001539948384850265], [-0.11196647368546542, -0.021258596613034537, -0.9934845649734508, 0.02331756905816749], [-0.9450271810767308, -0.3068202388477448, 0.11307063305554052, 0.20598313163540408], [0.0, 0.0, 0.0, 1.0]]}, "_x_00200_y_00320_step_06200_.jpg": {"matrix": [[-0.5864068963964243, 0.8098671055551818, 0.0155635214005574, -0.0016822689130070554], [-0.0985390664820385, -0.05225249505012427, -0.9937603982539682, 0.023358433026527195], [-0.8040006245243606, -0.5842815657717682, 0.11044477200723063, 0.2063667965844797], [0.0, 0.0, 0.0, 1.0]]}, "_x_00200_y_00480_step_06200_.jpg": {"matrix": [[-0.8086615137687028, 0.5880584866524359, 0.0159302361990503, -0.0017064155663567661], [-0.07588360306786787, -0.0774205269522681, -0.9941065037468934, 0.023400577596643986], [-0.5833594388837375, -0.8051045138877808, 0.10723099730381573, 0.2067342206960074], [0.0, 0.0, 0.0, 1.0]]}, "_x_00200_y_00640_step_06200_.jpg": {"matrix": [[-0.9511596948743972, 0.30832560893729, 0.0151839955180819, -0.0016063193413912188], [-0.046596267515874534, -0.09477451567232051, -0.994407652340159, 0.023444905644444864], [-0.3051622891184832, -0.9465479966977516, 0.10451252196479073, 0.20711617244452019], [0.0, 0.0, 0.0, 1.0]]}, "_x_00200_y_00800_step_06200_.jpg": {"matrix": [[-0.9999042180530934, -0.0025057669245326, 0.0136116072435185, -0.0013916491389410945], [-0.0132849295540543, -0.10204144211708703, -0.9946914369478654, 0.023484632979844516], [0.003881412935479702, -0.9947769927088108, 0.10199837945202453, 0.20745540808596252], [0.0, 0.0, 0.0, 1.0]]}, "_x_00200_y_00960_step_06200_.jpg": {"matrix": [[-0.9493383477734262, -0.31405366657658, 0.0112692482725076, -0.001080084980380093], [0.021308846846180937, -0.10010827718226512, -0.9947483429921788, 0.02352686259175236], [0.3135325094673711, -0.9441126137010378, 0.10172874794121822, 0.20781211593084212], [0.0, 0.0, 0.0, 1.0]]}, "_x_00200_y_01120_step_06200_.jpg": {"matrix": [[-0.8044805282030227, -0.5939173855537021, 0.008556803097002, -0.0007130366561119159], [0.05315938310850747, -0.08633927156126829, -0.99484652593945, 0.02354914445848126], [0.5915954358594299, -0.7998797842946931, 0.10103054462372592, 0.20797639613954863], [0.0, 0.0, 0.0, 1.0]]}, "_x_00200_y_01280_step_06200_.jpg": {"matrix": [[-0.5800639150083429, -0.814557138186666, 0.004745854437601, -0.00035208690075282025], [0.0793653849100708, -0.06231438546096157, -0.9948960011190612, 0.02355710815836461], [0.8106953744676668, -0.5767266128710999, 0.10079396719525532, 0.20799900272369296], [0.0, 0.0, 0.0, 1.0]]}, "_x_00200_y_01440_step_06200_.jpg": {"matrix": [[-0.2986688531283884, -0.954355746522904, 0.0014231126744178, -1.4782801203807323e-05], [0.09722277491462071, -0.031909544759118835, -0.9947509803921616, 0.0235551551712594], [0.9493917253741336, -0.2969627754988436, 0.10231550106972652, 0.20808529378944318], [0.0, 0.0, 0.0, 1.0]]}, "_x_00200_y_01600_step_06200_.jpg": {"matrix": [[0.0119601752054279, -0.9999283500487884, -0.0004989767164224, 0.00033301944059223353], [0.10443892374804943, 0.0017454800891484015, -0.9945297705476734, 0.023539212943066937], [0.9944593834920584, 0.0118426377115256, 0.10445231695194303, 0.20771820248057743], [0.0, 0.0, 0.0, 1.0]]}, "_x_00200_y_01760_step_06200_.jpg": {"matrix": [[0.320588447042782, -0.9472178906340124, -0.0011468589929893, 0.0006694781655540956], [0.10072295982004321, 0.03529380735361664, -0.994288304531224, 0.02351010285673426], [0.9418481475204948, 0.3186418284301958, 0.10672137642887952, 0.20743406023676744], [0.0, 0.0, 0.0, 1.0]]}, "_x_00200_y_01920_step_06200_.jpg": {"matrix": [[0.5959272357523833, -0.8030376308382978, -0.0011371658353156, 0.0008919676693523027], [0.0867723256284776, 0.06580064610959607, -0.9940527342533624, 0.02346987424322075], [0.7983365788898498, 0.5922844235915485, 0.10889383994183442, 0.20712961921758347], [0.0, 0.0, 0.0, 1.0]]}, "_x_00200_y_02080_step_06200_.jpg": {"matrix": [[0.8154705241931056, -0.5787982351685957, -0.0006535579093273, 0.0009774218911542773], [0.06391006396504546, 0.0911652192698996, -0.9937828769502196, 0.023423515059109484], [0.5752593570696659, 0.810358874672938, 0.11133358137868532, 0.20665489990114805], [0.0, 0.0, 0.0, 1.0]]}, "_x_00200_y_02240_step_06200_.jpg": {"matrix": [[0.954622382361582, -0.2978187945972369, 0.0002695903306929, 0.0009059264648972902], [0.03413415937421044, 0.10851360885506231, -0.9935087598290552, 0.023378715264587797], [0.2958563270543887, 0.9484349014444264, 0.11375531400329063, 0.20624661640001146], [0.0, 0.0, 0.0, 1.0]]}, "_x_00200_y_02400_step_06200_.jpg": {"matrix": [[0.999936888586936, 0.0109885422826648, 0.0023389701964744, 0.0007255823406802705], [0.0010557716452704988, 0.11536089522148013, -0.993323083996306, 0.023334929815976044], [-0.0111849984046018, 0.993262863391258, 0.11534201324100593, 0.20582976595051652], [0.0, 0.0, 0.0, 1.0]]}, "_x_00200_y_02560_step_06200_.jpg": {"matrix": [[0.9478209893669594, 0.3187910175554168, 0.0027675334542814, 0.00028752802142631976], [-0.034576642491246444, 0.11142441315289021, -0.9931712117996409, 0.02330215515077214], [-0.3169224320073781, 0.941252828563886, 0.11663312055763952, 0.20553405224511656], [0.0, 0.0, 0.0, 1.0]]}, "_x_00200_y_02720_step_06200_.jpg": {"matrix": [[0.802974183442375, 0.5959950364863867, 0.0047304554370414, -0.00012380770951183278], [-0.06615968275538317, 0.0970179957569557, -0.9930812680123472, 0.02328253883651448], [-0.5923304458684847, 0.7971056548431293, 0.11733378845987982, 0.20538558443262875], [0.0, 0.0, 0.0, 1.0]]}, "_x_00200_y_02880_step_06200_.jpg": {"matrix": [[0.5796255650570312, 0.8148548948663182, 0.0067605210390232, -0.0006077263227126708], [-0.0918657569991491, 0.07358520998791376, -0.9930487901216176, 0.023276607304516365], [-0.809688141831959, 0.574975405720485, 0.11750913068044053, 0.20530089590943926], [0.0, 0.0, 0.0, 1.0]]}, "_x_00200_y_03040_step_06200_.jpg": {"matrix": [[0.2999161609335828, 0.953914334404167, 0.0098863051296443, -0.0009949991258616175], [-0.10869927635165041, 0.04446788981419973, -0.9930795910178096, 0.023286430309886842], [-0.9477524802032908, 0.29676598422617, 0.11702643664909093, 0.2054149106817665], [0.0, 0.0, 0.0, 1.0]]}, "_x_00250_y_00000_step_06200_.jpg": {"matrix": [[-0.015474056209718, 0.9998398486459154, 0.0089905864175797, -0.0010826940966845735], [0.08436334076724097, 0.010265147170474099, -0.9963821824421384, 0.02319231637012133], [-0.99631490017916, -0.014659597991827101, -0.08450867332829917, 0.20971213975788563], [0.0, 0.0, 0.0, 1.0]]}, "_x_00250_y_00160_step_06200_.jpg": {"matrix": [[-0.3263388483482573, 0.945154089763584, 0.0136639182485876, -0.0015644447605396297], [0.08030844309037069, 0.04212580919673966, -0.9958794958065564, 0.023150404528448715], [-0.9418351819862828, -0.3238968397540965, -0.08965114148841268, 0.21033092051298413], [0.0, 0.0, 0.0, 1.0]]}, "_x_00250_y_00320_step_06200_.jpg": {"matrix": [[-0.6014390666322098, 0.7988075575304348, 0.0133242320918506, -0.0018428645146031416], [0.06618137479660781, 0.06643600420463433, -0.9955934325694162, 0.02311065351643442], [-0.796172766903395, -0.5979069688317598, -0.09282339071489328, 0.2106345311604345], [0.0, 0.0, 0.0, 1.0]]}, "_x_00250_y_00480_step_06200_.jpg": {"matrix": [[-0.8197086966977126, 0.572659438455751, 0.0117821944340307, -0.0019787262561171788], [0.04491959394103233, 0.0847778273877593, -0.9953868343832886, 0.02307245695184814], [-0.571016534470159, -0.8153979933326763, -0.09521675183881567, 0.21107896020177938], [0.0, 0.0, 0.0, 1.0]]}, "_x_00250_y_00640_step_06200_.jpg": {"matrix": [[-0.9565646486694148, 0.2913587792830162, 0.0097023013079397, -0.0019609368388853795], [0.018937890319727365, 0.09531785573498809, -0.9952667294189644, 0.023033596279554765], [-0.2909045019008772, -0.9518532282409902, -0.09669541178881208, 0.21154036780658356], [0.0, 0.0, 0.0, 1.0]]}, "_x_00250_y_00800_step_06200_.jpg": {"matrix": [[-0.9997963689061709, -0.0184899069116866, 0.0080835675560702, -0.001737658518552211], [-0.009844102039053799, 0.09719894141606157, -0.9952162877699712, 0.022998644197469047], [0.0176157423085459, -0.9950932062525571, -0.09736116521963288, 0.21196289457090295], [0.0, 0.0, 0.0, 1.0]]}, "_x_00250_y_00960_step_06200_.jpg": {"matrix": [[-0.944954642792418, -0.3271116837007342, 0.0076595986529591, -0.0012617976166021138], [-0.03927788450521426, 0.09016294550205399, -0.995152194916531, 0.02297215307397122], [0.3248352980417131, -0.9406745397026884, -0.09804814889270957, 0.21230410823481685], [0.0, 0.0, 0.0, 1.0]]}, "_x_00250_y_01120_step_06200_.jpg": {"matrix": [[-0.7977706023746381, -0.602930038084982, 0.0061184280374276, -0.0008145260708421696], [-0.06382802896474353, 0.0743554674469072, -0.9951870413039092, 0.02296109621398833], [0.5995732221382828, -0.794321492618445, -0.09780244198956918, 0.21250869144586587], [0.0, 0.0, 0.0, 1.0]]}, "_x_00250_y_01280_step_06200_.jpg": {"matrix": [[-0.5725279859964058, -0.8198780875488754, 0.0034098105663387, -0.0004017275713978814], [-0.08219480527907401, 0.05325841736870123, -0.995192220108516, 0.022959479440736123], [0.8157546930517989, -0.570055666173559, -0.09788165419211728, 0.21252127139396143], [0.0, 0.0, 0.0, 1.0]]}, "_x_00250_y_01440_step_06200_.jpg": {"matrix": [[-0.2914008119905299, -0.9566009267423048, 0.0004834532281661, -4.893925886586911e-07], [-0.09074743400198058, 0.027140467446277867, -0.9955040423066368, 0.02299324723579483], [0.9522869682996382, -0.2901345584079247, -0.09471783371742877, 0.21220004464418268], [0.0, 0.0, 0.0, 1.0]]}, "_x_00250_y_01600_step_06200_.jpg": {"matrix": [[0.0188933777367246, -0.9998208064270744, -0.00118123376707, 0.0003371812490000366], [-0.09503534287719548, -0.0006197625329273977, -0.9954737060809876, 0.022996614839628407], [0.99529459150641, 0.0189201197120371, -0.09503002256219267, 0.21214866930843798], [0.0, 0.0, 0.0, 1.0]]}, "_x_00250_y_01760_step_06200_.jpg": {"matrix": [[0.3249668110670104, -0.9457218477619816, -0.0025996866352715, 0.000595263798445382], [-0.0886660093235015, -0.027730211053687663, -0.9956753357322672, 0.023025005125912854], [0.9415598284206812, 0.3237919425504311, -0.09286478042743478, 0.21185818796315442], [0.0, 0.0, 0.0, 1.0]]}, "_x_00250_y_01920_step_06200_.jpg": {"matrix": [[0.6027918627296156, -0.7978904833264735, -0.0035702722594998, 0.0007556634841434384], [-0.07421256472448691, -0.05160993288725382, -0.995906074920917, 0.02305872399977798], [0.7944397179547195, 0.6005890370664617, -0.09032354671737627, 0.21155482410982193], [0.0, 0.0, 0.0, 1.0]]}, "_x_00250_y_02080_step_06200_.jpg": {"matrix": [[0.8192434749010098, -0.5734357338429545, -0.0034041128229228, 0.0007868320237166472], [-0.05306364318399193, -0.0698963485193646, -0.9961419327765004, 0.023094228454542644], [0.5709854451771609, 0.8162634131306217, -0.08769071661348937, 0.2111591445610266], [0.0, 0.0, 0.0, 1.0]]}, "_x_00250_y_02240_step_06200_.jpg": {"matrix": [[0.9567426995210536, -0.2909229094471883, -0.0026958620049477, 0.000696911823927523], [-0.027337948789066067, -0.08067194999165539, -0.9963657325704002, 0.023129107561553224], [0.2896481373480123, 0.9533393400271106, -0.08513553481067687, 0.21078643853651358], [0.0, 0.0, 0.0, 1.0]]}, "_x_00250_y_02400_step_06200_.jpg": {"matrix": [[0.999809241531032, 0.0195019842387832, -0.0010738528263238, 0.0004849943997453463], [0.0005467463223042976, -0.08290428034493788, -0.9965573648159683, 0.023159771176587195], [-0.0195238730174471, 0.9963666759337338, -0.08289912828950907, 0.21043808589753557], [0.0, 0.0, 0.0, 1.0]]}, "_x_00250_y_02560_step_06200_.jpg": {"matrix": [[0.9447238087618688, 0.3278656099896359, 0.001032930099986, 0.00017415557869190988], [0.02777048807557396, -0.07687896193241049, -0.996653613450651, 0.02318189241867386], [-0.3266890343285367, 0.9415910826884032, -0.08173437374305338, 0.21015649691578886], [0.0, 0.0, 0.0, 1.0]]}, "_x_00250_y_02720_step_06200_.jpg": {"matrix": [[0.7969210084810497, 0.6040738046254014, 0.0034270697307081, -0.0002214058297367476], [0.051908709072537224, -0.0628258837647993, -0.9966736648731092, 0.023197669242973416], [-0.6018491440252861, 0.7944480769028045, -0.08142395803119787, 0.20995443209198197], [0.0, 0.0, 0.0, 1.0]]}, "_x_00250_y_02880_step_06200_.jpg": {"matrix": [[0.571152176987865, 0.8208211717726327, 0.0061477387570268, -0.0006424368808728327], [0.0702306955967841, -0.041403830726140234, -0.9966711454623304, 0.023200499606514824], [-0.8178342375555173, 0.5696826544410523, -0.08129472990903178, 0.20997204269362993], [0.0, 0.0, 0.0, 1.0]]}, "_x_00250_y_03040_step_06200_.jpg": {"matrix": [[0.2903054394321581, 0.9568803873367142, 0.0101329248710029, -0.000999296423994014], [0.08162432448471589, -0.014210657028779565, -0.9965618530122576, 0.02319835002536071], [-0.9534464963953224, 0.2901344198076989, -0.08223014626239218, 0.2101171046528353], [0.0, 0.0, 0.0, 1.0]]}, "_x_00300_y_00000_step_0